Anodizado
Fecha: 10-Jan-2014 15:43:56
Tension	Corriente
0.000000e+000	3.195170e-006
6.666667e-002	8.955320e-006
1.333333e-001	1.207830e-005
2.000000e-001	1.461900e-005
2.666667e-001	1.613190e-005
3.333333e-001	1.717300e-005
4.000000e-001	1.797950e-005
4.666667e-001	1.888430e-005
5.333333e-001	2.053000e-005
6.000000e-001	2.395800e-005
6.666667e-001	2.956500e-005
7.333333e-001	3.640790e-005
8.000000e-001	4.417910e-005
8.666667e-001	5.267260e-005
9.333333e-001	6.094510e-005
1.000000e+000	7.032430e-005
1.066667e+000	8.050810e-005
1.133333e+000	9.159490e-005
1.200000e+000	1.038150e-004
1.266667e+000	1.183090e-004
1.333333e+000	1.347090e-004
1.400000e+000	1.532580e-004
1.466667e+000	1.734650e-004
1.533333e+000	1.949130e-004
1.600000e+000	2.175820e-004
1.666667e+000	2.414220e-004
1.733333e+000	2.662190e-004
1.800000e+000	2.914640e-004
1.866667e+000	3.165620e-004
1.933333e+000	3.406980e-004
2.000000e+000	3.643330e-004
2.066667e+000	3.873610e-004
2.133333e+000	4.112690e-004
2.200000e+000	4.369640e-004
2.266667e+000	4.634560e-004
2.333333e+000	4.909790e-004
2.400000e+000	5.191150e-004
2.466667e+000	5.471530e-004
2.533333e+000	5.753370e-004
2.600000e+000	6.051990e-004
2.666667e+000	6.378340e-004
2.733333e+000	6.699400e-004
2.800000e+000	7.026330e-004
2.866667e+000	7.344230e-004
2.933333e+000	7.636120e-004
3.000000e+000	7.908330e-004
3.066667e+000	8.186600e-004
3.133333e+000	8.453440e-004
3.200000e+000	8.712400e-004
3.266667e+000	8.973200e-004
3.333333e+000	9.231470e-004
3.400000e+000	9.480350e-004
3.466667e+000	9.697410e-004
3.533333e+000	9.926410e-004
3.600000e+000	1.019210e-003
3.666667e+000	1.042340e-003
3.733333e+000	1.063820e-003
3.800000e+000	1.086810e-003
3.866667e+000	1.108960e-003
3.933333e+000	1.129710e-003
4.000000e+000	1.150140e-003
4.066667e+000	1.170070e-003
4.133333e+000	1.188650e-003
4.200000e+000	1.204730e-003
4.266667e+000	1.220200e-003
4.333333e+000	1.237480e-003
4.400000e+000	1.250400e-003
4.466667e+000	1.265760e-003
4.533333e+000	1.280920e-003
4.600000e+000	1.296030e-003
4.666667e+000	1.308610e-003
4.733333e+000	1.321590e-003
4.800000e+000	1.336300e-003
4.866667e+000	1.350170e-003
4.933333e+000	1.364630e-003
5.000000e+000	1.378030e-003
5.066667e+000	1.392480e-003
5.133333e+000	1.403760e-003
5.200000e+000	1.412840e-003
5.266667e+000	1.420030e-003
5.333333e+000	1.430940e-003
5.400000e+000	1.441260e-003
5.466667e+000	1.451230e-003
5.533333e+000	1.460340e-003
5.600000e+000	1.468350e-003
5.666667e+000	1.475710e-003
5.733333e+000	1.485980e-003
5.800000e+000	1.496820e-003
5.866667e+000	1.508410e-003
5.933333e+000	1.522420e-003
6.000000e+000	1.537090e-003
6.066667e+000	1.551520e-003
6.133333e+000	1.557920e-003
6.200000e+000	1.567880e-003
6.266667e+000	1.578190e-003
6.333333e+000	1.591990e-003
6.400000e+000	1.617190e-003
6.466667e+000	1.639320e-003
6.533333e+000	1.652660e-003
6.600000e+000	1.657750e-003
6.666667e+000	1.659060e-003
6.733333e+000	1.661960e-003
6.800000e+000	1.669020e-003
6.866667e+000	1.675600e-003
6.933333e+000	1.683200e-003
7.000000e+000	1.687630e-003
7.066667e+000	1.696480e-003
7.133333e+000	1.704280e-003
7.200000e+000	1.713940e-003
7.266667e+000	1.726660e-003
7.333333e+000	1.739760e-003
7.400000e+000	1.751910e-003
7.466667e+000	1.763370e-003
7.533333e+000	1.772140e-003
7.600000e+000	1.781130e-003
7.666667e+000	1.786200e-003
7.733333e+000	1.790600e-003
7.800000e+000	1.799800e-003
7.866667e+000	1.808700e-003
7.933333e+000	1.820450e-003
8.000000e+000	1.832630e-003
8.066667e+000	1.844540e-003
8.133333e+000	1.854430e-003
8.200000e+000	1.861140e-003
8.266667e+000	1.868210e-003
8.333333e+000	1.874450e-003
8.400000e+000	1.880430e-003
8.466667e+000	1.886860e-003
8.533333e+000	1.894020e-003
8.600000e+000	1.900730e-003
8.666667e+000	1.904490e-003
8.733333e+000	1.903030e-003
8.800000e+000	1.910510e-003
8.866667e+000	1.918570e-003
8.933333e+000	1.925790e-003
9.000000e+000	1.930630e-003
9.066667e+000	1.933500e-003
9.133333e+000	1.938910e-003
9.200000e+000	1.943960e-003
9.266667e+000	1.950390e-003
9.333333e+000	1.959540e-003
9.400000e+000	1.975140e-003
9.466667e+000	1.989950e-003
9.533333e+000	2.004070e-003
9.600000e+000	2.007670e-003
9.666667e+000	2.012960e-003
9.733333e+000	2.023060e-003
9.800000e+000	2.035540e-003
9.866667e+000	2.047730e-003
9.933333e+000	2.060510e-003
1.000000e+001	2.071210e-003
1.006667e+001	2.078970e-003
1.013333e+001	2.085410e-003
1.020000e+001	2.092700e-003
1.026667e+001	2.101860e-003
1.033333e+001	2.112300e-003
1.040000e+001	2.121110e-003
1.046667e+001	2.128290e-003
1.053333e+001	2.138930e-003
1.060000e+001	2.148920e-003
1.066667e+001	2.161610e-003
1.073333e+001	2.177460e-003
1.080000e+001	2.193060e-003
1.086667e+001	2.208310e-003
1.093333e+001	2.221260e-003
1.100000e+001	2.232080e-003
1.106667e+001	2.242170e-003
1.113333e+001	2.250190e-003
1.120000e+001	2.259160e-003
1.126667e+001	2.268960e-003
1.133333e+001	2.275440e-003
1.140000e+001	2.282600e-003
1.146667e+001	2.288120e-003
1.153333e+001	2.291210e-003
1.160000e+001	2.295520e-003
1.166667e+001	2.302320e-003
1.173333e+001	2.311600e-003
1.180000e+001	2.316240e-003
1.186667e+001	2.320450e-003
1.193333e+001	2.323790e-003
1.200000e+001	2.327700e-003
1.206667e+001	2.331610e-003
1.213333e+001	2.341370e-003
1.220000e+001	2.350050e-003
1.226667e+001	2.356490e-003
1.233333e+001	2.362700e-003
1.240000e+001	2.368580e-003
1.246667e+001	2.372950e-003
1.253333e+001	2.374930e-003
1.260000e+001	2.374950e-003
1.266667e+001	2.374990e-003
1.273333e+001	2.375880e-003
1.280000e+001	2.378000e-003
1.286667e+001	2.380870e-003
1.293333e+001	2.382810e-003
1.300000e+001	2.383000e-003
1.306667e+001	2.373440e-003
1.313333e+001	2.372020e-003
1.320000e+001	2.372760e-003
1.326667e+001	2.374190e-003
1.333333e+001	2.376750e-003
1.340000e+001	2.378910e-003
1.346667e+001	2.380190e-003
1.353333e+001	2.379190e-003
1.360000e+001	2.376210e-003
1.366667e+001	2.374610e-003
1.373333e+001	2.372280e-003
1.380000e+001	2.369250e-003
1.386667e+001	2.366490e-003
1.393333e+001	2.355260e-003
1.400000e+001	2.351110e-003
1.406667e+001	2.346840e-003
1.413333e+001	2.343870e-003
1.420000e+001	2.342640e-003
1.426667e+001	2.342670e-003
1.433333e+001	2.343590e-003
1.440000e+001	2.342340e-003
1.446667e+001	2.338370e-003
1.453333e+001	2.331680e-003
1.460000e+001	2.325930e-003
1.466667e+001	2.324500e-003
1.473333e+001	2.324140e-003
1.480000e+001	2.315760e-003
1.486667e+001	2.310500e-003
1.493333e+001	2.303090e-003
1.500000e+001	2.293500e-003
1.506667e+001	2.284860e-003
1.513333e+001	2.278120e-003
1.520000e+001	2.272420e-003
1.526667e+001	2.267750e-003
1.533333e+001	2.262410e-003
1.540000e+001	2.256590e-003
1.546667e+001	2.248330e-003
1.553333e+001	2.239910e-003
1.560000e+001	2.233450e-003
1.566667e+001	2.222950e-003
1.573333e+001	2.219870e-003
1.580000e+001	2.216360e-003
1.586667e+001	2.210340e-003
1.593333e+001	2.202860e-003
1.600000e+001	2.194850e-003
1.606667e+001	2.189060e-003
1.613333e+001	2.184920e-003
1.620000e+001	2.180910e-003
1.626667e+001	2.175020e-003
1.633333e+001	2.167010e-003
1.640000e+001	2.155550e-003
1.646667e+001	2.143180e-003
1.653333e+001	2.120840e-003
1.660000e+001	2.111740e-003
1.666667e+001	2.104390e-003
1.673333e+001	2.098950e-003
1.680000e+001	2.093120e-003
1.686667e+001	2.085640e-003
1.693333e+001	2.077360e-003
1.700000e+001	2.068340e-003
1.706667e+001	2.061870e-003
1.713333e+001	2.055610e-003
1.720000e+001	2.048220e-003
1.726667e+001	2.040430e-003
1.733333e+001	2.031510e-003
1.740000e+001	2.014410e-003
1.746667e+001	2.003820e-003
1.753333e+001	1.994600e-003
1.760000e+001	1.985620e-003
1.766667e+001	1.977760e-003
1.773333e+001	1.969530e-003
1.780000e+001	1.960510e-003
1.786667e+001	1.951620e-003
1.793333e+001	1.941020e-003
1.800000e+001	1.931110e-003
1.806667e+001	1.922640e-003
1.813333e+001	1.914760e-003
1.820000e+001	1.908810e-003
1.826667e+001	1.895440e-003
1.833333e+001	1.886950e-003
1.840000e+001	1.877400e-003
1.846667e+001	1.867110e-003
1.853333e+001	1.858140e-003
1.860000e+001	1.848950e-003
1.866667e+001	1.840700e-003
1.873333e+001	1.832210e-003
1.880000e+001	1.823070e-003
1.886667e+001	1.813470e-003
1.893333e+001	1.802830e-003
1.900000e+001	1.791530e-003
1.906667e+001	1.780690e-003
1.913333e+001	1.763210e-003
1.920000e+001	1.754240e-003
1.926667e+001	1.744880e-003
1.933333e+001	1.735210e-003
1.940000e+001	1.725130e-003
1.946667e+001	1.714870e-003
1.953333e+001	1.706010e-003
1.960000e+001	1.696840e-003
1.966667e+001	1.687860e-003
1.973333e+001	1.679410e-003
1.980000e+001	1.671060e-003
1.986667e+001	1.661960e-003
1.993333e+001	1.650850e-003
2.000000e+001	1.635610e-003
2.006667e+001	1.625250e-003
2.013333e+001	1.616600e-003
2.020000e+001	1.608090e-003
2.026667e+001	1.600120e-003
2.033333e+001	1.591460e-003
2.040000e+001	1.581490e-003
2.046667e+001	1.571830e-003
2.053333e+001	1.562790e-003
2.060000e+001	1.554470e-003
2.066667e+001	1.546940e-003
2.073333e+001	1.538770e-003
2.080000e+001	1.530100e-003
2.086667e+001	1.513770e-003
2.093333e+001	1.504510e-003
2.100000e+001	1.496300e-003
2.106667e+001	1.488300e-003
2.113333e+001	1.480220e-003
2.120000e+001	1.472460e-003
2.126667e+001	1.463120e-003
2.133333e+001	1.452790e-003
2.140000e+001	1.442750e-003
2.146667e+001	1.433540e-003
2.153333e+001	1.424590e-003
2.160000e+001	1.416090e-003
2.166667e+001	1.407610e-003
2.173333e+001	1.392070e-003
2.180000e+001	1.382680e-003
2.186667e+001	1.374080e-003
2.193333e+001	1.366790e-003
2.200000e+001	1.358890e-003
2.206667e+001	1.353210e-003
2.213333e+001	1.345220e-003
2.220000e+001	1.336210e-003
2.226667e+001	1.326060e-003
2.233333e+001	1.314370e-003
2.240000e+001	1.301360e-003
2.246667e+001	1.287820e-003
2.253333e+001	1.274020e-003
2.260000e+001	1.251930e-003
2.266667e+001	1.237860e-003
2.273333e+001	1.224050e-003
2.280000e+001	1.210560e-003
2.286667e+001	1.198380e-003
2.293333e+001	1.187080e-003
2.300000e+001	1.177070e-003
2.306667e+001	1.167140e-003
2.313333e+001	1.161420e-003
2.320000e+001	1.127070e-003
2.326667e+001	1.106380e-003
2.333333e+001	1.084250e-003
2.340000e+001	1.066880e-003
2.346667e+001	1.042950e-003
2.353333e+001	1.024400e-003
2.360000e+001	1.005940e-003
2.366667e+001	9.938440e-004
2.373333e+001	1.095210e-003
2.380000e+001	1.078160e-003
2.386667e+001	1.051790e-003
2.393333e+001	1.040570e-003
2.400000e+001	1.029290e-003
2.406667e+001	1.012810e-003
2.413333e+001	9.954180e-004
2.420000e+001	9.836990e-004
2.426667e+001	9.733910e-004
2.433333e+001	9.575580e-004
2.440000e+001	9.495360e-004
2.446667e+001	9.416100e-004
2.453333e+001	9.349680e-004
2.460000e+001	9.288030e-004
2.466667e+001	9.225110e-004
2.473333e+001	9.158070e-004
2.480000e+001	9.097360e-004
2.486667e+001	9.055920e-004
2.493333e+001	9.006260e-004
2.500000e+001	8.961310e-004
2.506667e+001	8.895440e-004
2.513333e+001	8.841270e-004
2.520000e+001	8.735470e-004
2.526667e+001	8.663030e-004
2.533333e+001	8.591130e-004
2.540000e+001	8.522950e-004
2.546667e+001	8.463980e-004
2.553333e+001	8.392970e-004
2.560000e+001	8.326300e-004
2.566667e+001	8.259940e-004
2.573333e+001	8.206550e-004
2.580000e+001	8.167500e-004
2.586667e+001	8.115600e-004
2.593333e+001	8.061530e-004
2.600000e+001	8.024140e-004
2.606667e+001	7.939510e-004
2.613333e+001	7.898610e-004
2.620000e+001	7.856360e-004
2.626667e+001	7.843530e-004
2.633333e+001	7.822710e-004
2.640000e+001	7.801760e-004
2.646667e+001	7.787810e-004
2.653333e+001	7.775100e-004
2.660000e+001	7.763410e-004
2.666667e+001	7.754370e-004
2.673333e+001	7.736240e-004
2.680000e+001	7.735090e-004
2.686667e+001	7.722710e-004
2.693333e+001	7.694590e-004
2.700000e+001	7.695760e-004
2.706667e+001	7.691400e-004
2.713333e+001	7.682200e-004
2.720000e+001	7.685930e-004
2.726667e+001	7.672460e-004
2.733333e+001	7.669420e-004
2.740000e+001	7.662590e-004
2.746667e+001	7.663090e-004
2.753333e+001	7.657120e-004
2.760000e+001	7.648860e-004
2.766667e+001	7.643050e-004
2.773333e+001	7.632930e-004
2.780000e+001	7.610860e-004
2.786667e+001	7.609660e-004
2.793333e+001	7.594120e-004
2.800000e+001	7.589480e-004
2.806667e+001	7.602990e-004
2.813333e+001	7.605060e-004
2.820000e+001	7.611420e-004
2.826667e+001	7.606560e-004
2.833333e+001	7.607000e-004
2.840000e+001	7.591780e-004
2.846667e+001	7.591080e-004
2.853333e+001	7.592400e-004
2.860000e+001	7.576380e-004
2.866667e+001	7.554200e-004
2.873333e+001	7.545320e-004
2.880000e+001	7.550510e-004
2.886667e+001	7.531850e-004
2.893333e+001	7.527720e-004
2.900000e+001	7.530120e-004
2.906667e+001	7.514200e-004
2.913333e+001	7.512400e-004
2.920000e+001	7.500530e-004
2.926667e+001	7.480360e-004
2.933333e+001	7.464980e-004
2.940000e+001	7.452350e-004
2.946667e+001	7.433820e-004
2.953333e+001	7.382550e-004
2.960000e+001	7.356160e-004
2.966667e+001	7.344120e-004
2.973333e+001	7.312730e-004
2.980000e+001	7.289790e-004
2.986667e+001	7.265870e-004
2.993333e+001	7.246510e-004
3.000000e+001	7.232440e-004
3.006667e+001	7.210770e-004
3.013333e+001	7.187800e-004
3.020000e+001	7.159020e-004
3.026667e+001	7.141580e-004
3.033333e+001	7.120220e-004
3.040000e+001	7.072370e-004
3.046667e+001	7.057760e-004
3.053333e+001	7.047020e-004
3.060000e+001	7.033650e-004
3.066667e+001	7.022520e-004
3.073333e+001	6.990120e-004
3.080000e+001	6.985610e-004
3.086667e+001	6.970060e-004
3.093333e+001	6.956840e-004
3.100000e+001	6.946950e-004
3.106667e+001	6.931000e-004
3.113333e+001	6.915170e-004
3.120000e+001	6.900850e-004
3.126667e+001	6.865610e-004
3.133333e+001	6.850820e-004
3.140000e+001	6.841330e-004
3.146667e+001	6.826820e-004
3.153333e+001	6.813770e-004
3.160000e+001	6.794510e-004
3.166667e+001	6.790240e-004
3.173333e+001	6.779760e-004
3.180000e+001	6.771490e-004
3.186667e+001	6.759260e-004
3.193333e+001	6.761270e-004
3.200000e+001	6.746230e-004
3.206667e+001	6.729100e-004
3.213333e+001	6.709560e-004
3.220000e+001	6.705940e-004
3.226667e+001	6.696930e-004
3.233333e+001	6.691380e-004
3.240000e+001	6.685690e-004
3.246667e+001	6.677760e-004
3.253333e+001	6.653580e-004
3.260000e+001	6.645220e-004
3.266667e+001	6.641280e-004
3.273333e+001	6.643640e-004
3.280000e+001	6.635070e-004
3.286667e+001	6.624920e-004
3.293333e+001	6.620330e-004
3.300000e+001	6.588000e-004
3.306667e+001	6.576560e-004
3.313333e+001	6.567970e-004
3.320000e+001	6.556190e-004
3.326667e+001	6.547250e-004
3.333333e+001	6.539050e-004
3.340000e+001	6.522100e-004
3.346667e+001	6.516710e-004
3.353333e+001	6.519230e-004
3.360000e+001	6.510880e-004
3.366667e+001	6.506320e-004
3.373333e+001	6.490500e-004
3.380000e+001	6.478770e-004
3.386667e+001	6.461800e-004
3.393333e+001	6.450180e-004
3.400000e+001	6.443980e-004
3.406667e+001	6.436460e-004
3.413333e+001	6.431450e-004
3.420000e+001	6.415700e-004
3.426667e+001	6.409410e-004
3.433333e+001	6.408670e-004
3.440000e+001	6.402800e-004
3.446667e+001	6.399840e-004
3.453333e+001	6.370670e-004
3.460000e+001	6.366200e-004
3.466667e+001	6.350440e-004
3.473333e+001	6.323790e-004
3.480000e+001	6.312200e-004
3.486667e+001	6.292850e-004
3.493333e+001	6.294940e-004
3.500000e+001	6.289340e-004
3.506667e+001	6.290410e-004
3.513333e+001	6.276710e-004
3.520000e+001	6.273120e-004
3.526667e+001	6.257920e-004
3.533333e+001	6.256540e-004
3.540000e+001	6.260750e-004
3.546667e+001	6.253110e-004
3.553333e+001	6.247930e-004
3.560000e+001	6.226210e-004
3.566667e+001	6.218720e-004
3.573333e+001	6.228840e-004
3.580000e+001	6.213810e-004
3.586667e+001	6.225830e-004
3.593333e+001	6.203170e-004
3.600000e+001	6.209080e-004
3.606667e+001	6.222600e-004
3.613333e+001	6.219910e-004
3.620000e+001	6.206450e-004
3.626667e+001	6.201060e-004
3.633333e+001	6.206910e-004
3.640000e+001	6.216420e-004
3.646667e+001	6.204420e-004
3.653333e+001	6.197540e-004
3.660000e+001	6.193090e-004
3.666667e+001	6.198970e-004
3.673333e+001	6.200700e-004
3.680000e+001	6.204790e-004
3.686667e+001	6.203520e-004
3.693333e+001	6.205470e-004
3.700000e+001	6.203390e-004
3.706667e+001	6.211300e-004
3.713333e+001	6.197590e-004
3.720000e+001	6.194150e-004
3.726667e+001	6.195930e-004
3.733333e+001	6.170770e-004
3.740000e+001	6.172230e-004
3.746667e+001	6.177310e-004
3.753333e+001	6.181530e-004
3.760000e+001	6.176610e-004
3.766667e+001	6.182880e-004
3.773333e+001	6.175720e-004
3.780000e+001	6.178820e-004
3.786667e+001	6.182070e-004
3.793333e+001	6.166180e-004
3.800000e+001	6.163620e-004
3.806667e+001	6.151880e-004
3.813333e+001	6.151690e-004
3.820000e+001	6.127930e-004
3.826667e+001	6.124120e-004
3.833333e+001	6.106860e-004
3.840000e+001	6.112080e-004
3.846667e+001	6.107930e-004
3.853333e+001	6.111080e-004
3.860000e+001	6.108260e-004
3.866667e+001	6.105190e-004
3.873333e+001	6.113040e-004
3.880000e+001	6.105520e-004
3.886667e+001	6.111220e-004
3.893333e+001	6.094870e-004
3.900000e+001	6.086400e-004
3.906667e+001	6.066220e-004
3.913333e+001	6.061370e-004
3.920000e+001	6.057940e-004
3.926667e+001	6.055830e-004
3.933333e+001	6.062500e-004
3.940000e+001	6.055160e-004
3.946667e+001	6.051210e-004
3.953333e+001	6.043200e-004
3.960000e+001	6.034060e-004
3.966667e+001	6.022310e-004
3.973333e+001	6.010580e-004
3.980000e+001	5.975440e-004
3.986667e+001	5.975970e-004
3.993333e+001	5.954180e-004
4.000000e+001	5.946390e-004
4.006667e+001	5.934890e-004
4.013333e+001	5.930400e-004
4.020000e+001	5.935710e-004
4.026667e+001	5.932830e-004
4.033333e+001	5.943710e-004
4.040000e+001	5.935780e-004
4.046667e+001	5.933490e-004
4.053333e+001	5.936630e-004
4.060000e+001	5.927210e-004
4.066667e+001	5.917170e-004
4.073333e+001	5.914390e-004
4.080000e+001	5.910350e-004
4.086667e+001	5.905490e-004
4.093333e+001	5.899770e-004
4.100000e+001	5.893510e-004
4.106667e+001	5.886080e-004
4.113333e+001	5.881490e-004
4.120000e+001	5.875540e-004
4.126667e+001	5.858940e-004
4.133333e+001	5.873270e-004
4.140000e+001	5.865020e-004
4.146667e+001	5.873500e-004
4.153333e+001	5.877130e-004
4.160000e+001	5.877790e-004
4.166667e+001	5.867990e-004
4.173333e+001	5.880460e-004
4.180000e+001	5.878270e-004
4.186667e+001	5.892260e-004
4.193333e+001	5.890920e-004
4.200000e+001	5.906870e-004
4.206667e+001	5.910570e-004
4.213333e+001	5.921200e-004
4.220000e+001	5.931810e-004
4.226667e+001	5.933640e-004
4.233333e+001	5.947630e-004
4.240000e+001	5.949860e-004
4.246667e+001	5.955420e-004
4.253333e+001	5.948720e-004
4.260000e+001	5.972240e-004
4.266667e+001	5.970630e-004
4.273333e+001	5.961000e-004
4.280000e+001	5.958440e-004
4.286667e+001	5.962930e-004
4.293333e+001	5.969930e-004
4.300000e+001	5.961610e-004
4.306667e+001	5.959090e-004
4.313333e+001	5.956770e-004
4.320000e+001	5.950570e-004
4.326667e+001	5.955510e-004
4.333333e+001	5.959410e-004
4.340000e+001	5.940410e-004
4.346667e+001	5.927000e-004
4.353333e+001	5.916690e-004
4.360000e+001	5.913060e-004
4.366667e+001	5.924820e-004
4.373333e+001	5.936810e-004
4.380000e+001	5.915030e-004
4.386667e+001	5.905230e-004
4.393333e+001	5.900920e-004
4.400000e+001	5.906440e-004
4.406667e+001	5.905660e-004
4.413333e+001	5.909440e-004
4.420000e+001	5.920710e-004
4.426667e+001	5.925680e-004
4.433333e+001	5.929760e-004
4.440000e+001	5.942240e-004
4.446667e+001	5.927430e-004
4.453333e+001	5.923620e-004
4.460000e+001	5.926830e-004
4.466667e+001	5.930140e-004
4.473333e+001	5.921070e-004
4.480000e+001	5.898180e-004
4.486667e+001	5.898420e-004
4.493333e+001	5.896320e-004
4.500000e+001	5.891070e-004
4.506667e+001	5.884300e-004
4.513333e+001	5.881770e-004
4.520000e+001	5.888080e-004
4.526667e+001	5.880600e-004
4.533333e+001	5.887110e-004
4.540000e+001	5.890460e-004
4.546667e+001	5.897920e-004
4.553333e+001	5.902420e-004
4.560000e+001	5.897990e-004
4.566667e+001	5.889940e-004
4.573333e+001	5.887200e-004
4.580000e+001	5.886180e-004
4.586667e+001	5.897000e-004
4.593333e+001	5.894090e-004
4.600000e+001	5.877320e-004
4.606667e+001	5.875820e-004
4.613333e+001	5.878260e-004
4.620000e+001	5.868680e-004
4.626667e+001	5.865810e-004
4.633333e+001	5.863670e-004
4.640000e+001	5.853310e-004
4.646667e+001	5.849760e-004
4.653333e+001	5.852950e-004
4.660000e+001	5.856340e-004
4.666667e+001	5.855870e-004
4.673333e+001	5.862370e-004
4.680000e+001	5.867060e-004
4.686667e+001	5.856380e-004
4.693333e+001	5.861960e-004
4.700000e+001	5.845900e-004
4.706667e+001	5.836380e-004
4.713333e+001	5.845330e-004
4.720000e+001	5.843340e-004
4.726667e+001	5.851780e-004
4.733333e+001	5.853430e-004
4.740000e+001	5.866320e-004
4.746667e+001	5.872560e-004
4.753333e+001	5.874290e-004
4.760000e+001	5.885560e-004
4.766667e+001	5.881140e-004
4.773333e+001	5.880560e-004
4.780000e+001	5.889520e-004
4.786667e+001	5.894510e-004
4.793333e+001	5.897890e-004
4.800000e+001	5.909290e-004
4.806667e+001	5.918630e-004
4.813333e+001	5.926660e-004
4.820000e+001	5.922420e-004
4.826667e+001	5.937160e-004
4.833333e+001	5.924550e-004
4.840000e+001	5.924620e-004
4.846667e+001	5.919120e-004
4.853333e+001	5.919550e-004
4.860000e+001	5.910470e-004
4.866667e+001	5.911970e-004
4.873333e+001	5.912040e-004
4.880000e+001	5.911210e-004
4.886667e+001	5.910700e-004
4.893333e+001	5.908340e-004
4.900000e+001	5.901030e-004
4.906667e+001	5.894750e-004
4.913333e+001	5.884260e-004
4.920000e+001	5.886950e-004
4.926667e+001	5.873820e-004
4.933333e+001	5.872290e-004
4.940000e+001	5.873800e-004
4.946667e+001	5.860690e-004
4.953333e+001	5.861060e-004
4.960000e+001	5.859960e-004
4.966667e+001	5.855680e-004
4.973333e+001	5.864420e-004
4.980000e+001	5.868630e-004
4.986667e+001	5.867890e-004
4.993333e+001	5.866660e-004
5.000000e+001	5.872110e-004
5.006667e+001	5.864660e-004
5.013333e+001	5.875950e-004
5.020000e+001	5.885400e-004
5.026667e+001	5.891580e-004
5.033333e+001	5.880180e-004
5.040000e+001	5.875870e-004
5.046667e+001	5.872740e-004
5.053333e+001	5.885250e-004
5.060000e+001	5.884470e-004
5.066667e+001	5.901820e-004
5.073333e+001	5.897110e-004
5.080000e+001	5.906930e-004
5.086667e+001	5.908060e-004
5.093333e+001	5.914140e-004
5.100000e+001	5.917930e-004
5.106667e+001	5.915770e-004
5.113333e+001	5.935970e-004
5.120000e+001	5.926250e-004
5.126667e+001	5.929200e-004
5.133333e+001	5.943330e-004
5.140000e+001	5.947090e-004
5.146667e+001	5.948510e-004
5.153333e+001	5.938870e-004
5.160000e+001	5.930530e-004
5.166667e+001	5.942690e-004
5.173333e+001	5.944700e-004
5.180000e+001	5.942730e-004
5.186667e+001	5.938570e-004
5.193333e+001	5.942050e-004
5.200000e+001	5.943630e-004
5.206667e+001	5.929080e-004
5.213333e+001	5.933410e-004
5.220000e+001	5.924180e-004
5.226667e+001	5.916870e-004
5.233333e+001	5.925470e-004
5.240000e+001	5.940290e-004
5.246667e+001	5.952670e-004
5.253333e+001	5.939590e-004
5.260000e+001	5.950300e-004
5.266667e+001	5.955620e-004
5.273333e+001	5.972110e-004
5.280000e+001	5.962380e-004
5.286667e+001	5.966990e-004
5.293333e+001	5.935480e-004
5.300000e+001	5.938070e-004
5.306667e+001	5.945960e-004
5.313333e+001	5.936640e-004
5.320000e+001	5.953930e-004
5.326667e+001	5.957900e-004
5.333333e+001	5.958870e-004
5.340000e+001	5.967060e-004
5.346667e+001	5.976910e-004
5.353333e+001	5.986240e-004
5.360000e+001	5.966420e-004
5.366667e+001	5.975890e-004
5.373333e+001	5.972600e-004
5.380000e+001	5.954760e-004
5.386667e+001	5.954560e-004
5.393333e+001	5.955790e-004
5.400000e+001	5.941560e-004
5.406667e+001	5.947480e-004
5.413333e+001	5.945900e-004
5.420000e+001	5.954320e-004
5.426667e+001	5.953690e-004
5.433333e+001	5.956810e-004
5.440000e+001	5.957940e-004
5.446667e+001	5.965530e-004
5.453333e+001	5.966240e-004
5.460000e+001	5.973640e-004
5.466667e+001	5.973860e-004
5.473333e+001	5.982940e-004
5.480000e+001	5.975690e-004
5.486667e+001	5.979750e-004
5.493333e+001	5.990270e-004
5.500000e+001	5.985530e-004
5.506667e+001	5.982920e-004
5.513333e+001	5.963740e-004
5.520000e+001	5.944750e-004
5.526667e+001	5.934010e-004
5.533333e+001	5.932110e-004
5.540000e+001	5.929080e-004
5.546667e+001	5.922220e-004
5.553333e+001	5.927420e-004
5.560000e+001	5.939900e-004
5.566667e+001	5.926030e-004
5.573333e+001	5.916640e-004
5.580000e+001	5.922600e-004
5.586667e+001	5.929310e-004
5.593333e+001	5.915860e-004
5.600000e+001	5.920140e-004
5.606667e+001	5.908500e-004
5.613333e+001	5.919420e-004
5.620000e+001	5.913690e-004
5.626667e+001	5.914240e-004
5.633333e+001	5.911210e-004
5.640000e+001	5.902130e-004
5.646667e+001	5.929330e-004
5.653333e+001	5.913130e-004
5.660000e+001	5.913530e-004
5.666667e+001	5.911820e-004
5.673333e+001	5.927940e-004
5.680000e+001	5.934940e-004
5.686667e+001	5.954790e-004
5.693333e+001	5.970160e-004
5.700000e+001	5.981750e-004
5.706667e+001	6.003400e-004
5.713333e+001	6.033180e-004
5.720000e+001	6.023630e-004
5.726667e+001	6.025030e-004
5.733333e+001	6.024490e-004
5.740000e+001	6.045190e-004
5.746667e+001	6.065730e-004
5.753333e+001	6.036890e-004
5.760000e+001	6.022940e-004
5.766667e+001	6.010670e-004
5.773333e+001	5.998060e-004
5.780000e+001	5.993530e-004
5.786667e+001	5.972400e-004
5.793333e+001	5.966650e-004
5.800000e+001	5.988810e-004
5.806667e+001	5.975100e-004
5.813333e+001	5.969300e-004
5.820000e+001	5.970190e-004
5.826667e+001	5.963750e-004
5.833333e+001	5.970280e-004
5.840000e+001	5.962250e-004
5.846667e+001	5.959090e-004
5.853333e+001	5.948890e-004
5.860000e+001	5.942060e-004
5.866667e+001	5.930120e-004
5.873333e+001	5.925970e-004
5.880000e+001	5.917590e-004
5.886667e+001	5.919210e-004
5.893333e+001	5.911210e-004
5.900000e+001	5.908840e-004
5.906667e+001	5.925390e-004
5.913333e+001	5.918420e-004
5.920000e+001	5.912370e-004
5.926667e+001	5.907440e-004
5.933333e+001	5.901980e-004
5.940000e+001	5.918000e-004
5.946667e+001	5.946580e-004
5.953333e+001	5.957080e-004
5.960000e+001	5.947280e-004
5.966667e+001	5.950110e-004
5.973333e+001	5.929610e-004
5.980000e+001	5.953680e-004
5.986667e+001	5.916920e-004
5.993333e+001	5.924130e-004
6.000000e+001	5.914310e-004
6.000000e+001	5.877380e-004
6.000000e+001	5.850270e-004
6.000000e+001	5.832380e-004
6.000000e+001	5.809070e-004
6.000000e+001	5.768560e-004
6.000000e+001	5.754840e-004
6.000000e+001	5.725930e-004
6.000000e+001	5.714410e-004
6.000000e+001	5.672790e-004
6.000000e+001	5.656910e-004
6.000000e+001	5.619220e-004
6.000000e+001	5.591170e-004
6.000000e+001	5.557510e-004
6.000000e+001	5.545780e-004
6.000000e+001	5.520720e-004
6.000000e+001	5.501860e-004
6.000000e+001	5.478520e-004
6.000000e+001	5.461530e-004
6.000000e+001	5.445850e-004
6.000000e+001	5.425500e-004
6.000000e+001	5.391830e-004
6.000000e+001	5.372170e-004
6.000000e+001	5.368970e-004
6.000000e+001	5.348000e-004
6.000000e+001	5.321360e-004
6.000000e+001	5.311130e-004
6.000000e+001	5.298150e-004
6.000000e+001	5.283380e-004
6.000000e+001	5.247420e-004
6.000000e+001	5.214160e-004
6.000000e+001	5.191060e-004
6.000000e+001	5.172990e-004
6.000000e+001	5.143960e-004
6.000000e+001	5.142740e-004
6.000000e+001	5.129790e-004
6.000000e+001	5.107000e-004
6.000000e+001	5.080030e-004
6.000000e+001	5.065250e-004
6.000000e+001	5.046510e-004
6.000000e+001	5.027820e-004
6.000000e+001	5.013640e-004
6.000000e+001	4.995250e-004
6.000000e+001	4.984580e-004
6.000000e+001	4.967720e-004
6.000000e+001	4.946870e-004
6.000000e+001	4.934360e-004
6.000000e+001	4.929000e-004
6.000000e+001	4.925070e-004
6.000000e+001	4.917310e-004
6.000000e+001	4.871720e-004
6.000000e+001	4.867940e-004
6.000000e+001	4.876410e-004
6.000000e+001	4.841740e-004
6.000000e+001	4.843590e-004
6.000000e+001	4.829360e-004
6.000000e+001	4.812880e-004
6.000000e+001	4.782640e-004
6.000000e+001	4.786360e-004
6.000000e+001	4.765240e-004
6.000000e+001	4.716580e-004
6.000000e+001	4.704150e-004
6.000000e+001	4.674300e-004
6.000000e+001	4.623270e-004
6.000000e+001	4.611970e-004
6.000000e+001	4.606540e-004
6.000000e+001	4.600370e-004
6.000000e+001	4.582830e-004
6.000000e+001	4.551180e-004
6.000000e+001	4.549170e-004
6.000000e+001	4.529740e-004
6.000000e+001	4.539110e-004
6.000000e+001	4.484970e-004
6.000000e+001	4.433080e-004
6.000000e+001	4.418140e-004
6.000000e+001	4.387850e-004
6.000000e+001	4.359260e-004
6.000000e+001	4.352610e-004
6.000000e+001	4.354590e-004
6.000000e+001	4.330040e-004
6.000000e+001	4.298630e-004
6.000000e+001	4.271420e-004
6.000000e+001	4.249190e-004
6.000000e+001	4.257760e-004
6.000000e+001	4.253570e-004
6.000000e+001	4.232320e-004
6.000000e+001	4.226050e-004
6.000000e+001	4.206910e-004
6.000000e+001	4.173620e-004
6.000000e+001	4.159020e-004
6.000000e+001	4.133070e-004
6.000000e+001	4.109170e-004
6.000000e+001	4.084390e-004
6.000000e+001	4.085150e-004
6.000000e+001	4.061010e-004
6.000000e+001	4.044990e-004
6.000000e+001	4.040810e-004
6.000000e+001	4.018450e-004
6.000000e+001	4.001490e-004
6.000000e+001	3.989130e-004
6.000000e+001	3.981470e-004
6.000000e+001	3.965650e-004
6.000000e+001	3.949270e-004
6.000000e+001	3.930010e-004
6.000000e+001	3.916570e-004
6.000000e+001	3.893500e-004
6.000000e+001	3.881500e-004
6.000000e+001	3.860820e-004
6.000000e+001	3.851270e-004
6.000000e+001	3.844320e-004
6.000000e+001	3.817830e-004
6.000000e+001	3.811760e-004
6.000000e+001	3.796740e-004
6.000000e+001	3.783350e-004
6.000000e+001	3.759640e-004
6.000000e+001	3.737390e-004
6.000000e+001	3.713250e-004
6.000000e+001	3.693460e-004
6.000000e+001	3.679170e-004
6.000000e+001	3.661110e-004
6.000000e+001	3.643830e-004
6.000000e+001	3.633600e-004
6.000000e+001	3.619790e-004
6.000000e+001	3.609360e-004
6.000000e+001	3.594420e-004
6.000000e+001	3.584770e-004
6.000000e+001	3.572900e-004
6.000000e+001	3.550690e-004
6.000000e+001	3.527420e-004
6.000000e+001	3.529170e-004
6.000000e+001	3.524930e-004
6.000000e+001	3.506630e-004
6.000000e+001	3.489910e-004
6.000000e+001	3.476200e-004
6.000000e+001	3.463730e-004
6.000000e+001	3.463260e-004
6.000000e+001	3.454410e-004
6.000000e+001	3.440450e-004
6.000000e+001	3.436400e-004
6.000000e+001	3.438050e-004
6.000000e+001	3.434160e-004
6.000000e+001	3.418560e-004
6.000000e+001	3.393090e-004
6.000000e+001	3.380360e-004
6.000000e+001	3.368670e-004
6.000000e+001	3.353180e-004
6.000000e+001	3.334400e-004
6.000000e+001	3.311710e-004
6.000000e+001	3.300560e-004
6.000000e+001	3.287910e-004
6.000000e+001	3.276770e-004
6.000000e+001	3.273260e-004
6.000000e+001	3.292230e-004
6.000000e+001	3.282670e-004
6.000000e+001	3.239510e-004
6.000000e+001	3.228460e-004
6.000000e+001	3.237000e-004
6.000000e+001	3.221170e-004
6.000000e+001	3.212170e-004
6.000000e+001	3.198360e-004
6.000000e+001	3.180810e-004
6.000000e+001	3.173340e-004
6.000000e+001	3.153890e-004
6.000000e+001	3.133290e-004
6.000000e+001	3.120520e-004
6.000000e+001	3.109040e-004
6.000000e+001	3.104770e-004
6.000000e+001	3.079300e-004
6.000000e+001	3.070600e-004
6.000000e+001	3.041470e-004
6.000000e+001	3.032820e-004
6.000000e+001	3.030120e-004
6.000000e+001	3.005450e-004
6.000000e+001	2.994030e-004
6.000000e+001	2.987490e-004
6.000000e+001	2.980120e-004
6.000000e+001	2.974960e-004
6.000000e+001	2.961110e-004
6.000000e+001	2.952000e-004
6.000000e+001	2.939350e-004
6.000000e+001	2.931830e-004
6.000000e+001	2.929420e-004
6.000000e+001	2.912580e-004
6.000000e+001	2.894350e-004
6.000000e+001	2.882500e-004
6.000000e+001	2.885130e-004
6.000000e+001	2.887250e-004
6.000000e+001	2.882400e-004
6.000000e+001	2.870500e-004
6.000000e+001	2.856940e-004
6.000000e+001	2.865020e-004
6.000000e+001	2.852270e-004
6.000000e+001	2.827450e-004
6.000000e+001	2.820020e-004
6.000000e+001	2.814810e-004
6.000000e+001	2.806260e-004
6.000000e+001	2.796670e-004
6.000000e+001	2.795640e-004
6.000000e+001	2.784860e-004
6.000000e+001	2.778530e-004
6.000000e+001	2.783300e-004
6.000000e+001	2.786400e-004
6.000000e+001	2.786090e-004
6.000000e+001	2.792090e-004
6.000000e+001	2.806570e-004
6.000000e+001	2.806710e-004
6.000000e+001	2.806780e-004
6.000000e+001	2.791910e-004
6.000000e+001	2.760450e-004
6.000000e+001	2.729880e-004
6.000000e+001	2.705530e-004
6.000000e+001	2.706950e-004
6.000000e+001	2.704400e-004
6.000000e+001	2.701370e-004
6.000000e+001	2.691800e-004
6.000000e+001	2.682240e-004
6.000000e+001	2.661980e-004
6.000000e+001	2.649030e-004
6.000000e+001	2.638460e-004
6.000000e+001	2.623130e-004
6.000000e+001	2.610230e-004
6.000000e+001	2.599410e-004
6.000000e+001	2.595720e-004
6.000000e+001	2.572350e-004
6.000000e+001	2.555390e-004
6.000000e+001	2.543940e-004
6.000000e+001	2.536900e-004
6.000000e+001	2.535530e-004
6.000000e+001	2.522690e-004
6.000000e+001	2.514000e-004
6.000000e+001	2.502430e-004
6.000000e+001	2.492780e-004
6.000000e+001	2.484340e-004
6.000000e+001	2.473230e-004
6.000000e+001	2.474760e-004
6.000000e+001	2.476310e-004
6.000000e+001	2.459110e-004
6.000000e+001	2.449910e-004
6.000000e+001	2.446500e-004
6.000000e+001	2.449030e-004
6.000000e+001	2.434580e-004
6.000000e+001	2.420720e-004
6.000000e+001	2.410740e-004
6.000000e+001	2.403310e-004
6.000000e+001	2.410290e-004
6.000000e+001	2.381940e-004
6.000000e+001	2.371970e-004
6.000000e+001	2.362640e-004
6.000000e+001	2.357690e-004
6.000000e+001	2.352830e-004
6.000000e+001	2.356500e-004
6.000000e+001	2.349340e-004
6.000000e+001	2.341260e-004
6.000000e+001	2.338800e-004
6.000000e+001	2.327610e-004
6.000000e+001	2.323020e-004
6.000000e+001	2.318910e-004
6.000000e+001	2.316350e-004
6.000000e+001	2.303480e-004
6.000000e+001	2.290580e-004
6.000000e+001	2.279450e-004
6.000000e+001	2.272080e-004
6.000000e+001	2.273720e-004
6.000000e+001	2.282790e-004
6.000000e+001	2.267190e-004
6.000000e+001	2.264930e-004
6.000000e+001	2.268760e-004
6.000000e+001	2.251550e-004
6.000000e+001	2.243840e-004
6.000000e+001	2.243210e-004
6.000000e+001	2.237840e-004
6.000000e+001	2.232400e-004
6.000000e+001	2.225530e-004
6.000000e+001	2.206660e-004
6.000000e+001	2.198160e-004
6.000000e+001	2.192810e-004
6.000000e+001	2.173100e-004
6.000000e+001	2.164680e-004
6.000000e+001	2.156760e-004
6.000000e+001	2.143530e-004
6.000000e+001	2.133570e-004
6.000000e+001	2.123000e-004
6.000000e+001	2.119350e-004
6.000000e+001	2.111020e-004
6.000000e+001	2.102700e-004
6.000000e+001	2.101160e-004
6.000000e+001	2.094800e-004
6.000000e+001	2.091610e-004
6.000000e+001	2.084640e-004
6.000000e+001	2.088430e-004
6.000000e+001	2.096920e-004
6.000000e+001	2.084610e-004
6.000000e+001	2.069520e-004
6.000000e+001	2.059740e-004
6.000000e+001	2.039650e-004
6.000000e+001	2.036430e-004
6.000000e+001	2.025410e-004
6.000000e+001	2.013960e-004
6.000000e+001	2.022560e-004
6.000000e+001	2.012510e-004
6.000000e+001	2.011720e-004
6.000000e+001	2.015730e-004
6.000000e+001	2.013000e-004
6.000000e+001	2.010940e-004
6.000000e+001	2.016210e-004
6.000000e+001	2.018580e-004
6.000000e+001	2.004850e-004
6.000000e+001	2.009590e-004
6.000000e+001	2.003920e-004
6.000000e+001	2.006110e-004
6.000000e+001	2.009650e-004
6.000000e+001	2.006280e-004
6.000000e+001	2.005210e-004
6.000000e+001	2.001730e-004
6.000000e+001	1.994580e-004
6.000000e+001	1.982710e-004
6.000000e+001	1.974430e-004
6.000000e+001	1.961390e-004
6.000000e+001	1.963680e-004
6.000000e+001	1.958490e-004
6.000000e+001	1.954900e-004
6.000000e+001	1.936990e-004
6.000000e+001	1.931500e-004
6.000000e+001	1.901700e-004
6.000000e+001	1.890030e-004
6.000000e+001	1.880300e-004
6.000000e+001	1.874770e-004
6.000000e+001	1.864910e-004
6.000000e+001	1.856380e-004
6.000000e+001	1.844140e-004
6.000000e+001	1.840280e-004
6.000000e+001	1.833610e-004
6.000000e+001	1.821580e-004
6.000000e+001	1.819430e-004
6.000000e+001	1.821100e-004
6.000000e+001	1.821340e-004
6.000000e+001	1.822150e-004
6.000000e+001	1.825240e-004
6.000000e+001	1.826310e-004
6.000000e+001	1.827340e-004
6.000000e+001	1.833040e-004
6.000000e+001	1.832570e-004
6.000000e+001	1.819540e-004
6.000000e+001	1.822220e-004
6.000000e+001	1.829050e-004
6.000000e+001	1.825220e-004
6.000000e+001	1.819930e-004
6.000000e+001	1.809790e-004
6.000000e+001	1.812160e-004
6.000000e+001	1.800730e-004
6.000000e+001	1.786740e-004
6.000000e+001	1.774160e-004
6.000000e+001	1.764390e-004
6.000000e+001	1.761510e-004
6.000000e+001	1.760030e-004
6.000000e+001	1.755870e-004
6.000000e+001	1.749790e-004
6.000000e+001	1.752250e-004
6.000000e+001	1.745710e-004
6.000000e+001	1.736120e-004
6.000000e+001	1.728360e-004
6.000000e+001	1.719920e-004
6.000000e+001	1.715580e-004
6.000000e+001	1.710590e-004
6.000000e+001	1.703560e-004
6.000000e+001	1.700060e-004
6.000000e+001	1.697880e-004
6.000000e+001	1.690450e-004
6.000000e+001	1.691940e-004
6.000000e+001	1.689850e-004
6.000000e+001	1.684610e-004
6.000000e+001	1.680390e-004
6.000000e+001	1.675910e-004
6.000000e+001	1.668580e-004
6.000000e+001	1.665220e-004
6.000000e+001	1.665900e-004
6.000000e+001	1.658870e-004
6.000000e+001	1.659420e-004
6.000000e+001	1.664450e-004
6.000000e+001	1.673010e-004
6.000000e+001	1.679470e-004
6.000000e+001	1.670220e-004
6.000000e+001	1.661500e-004
6.000000e+001	1.655220e-004
6.000000e+001	1.648130e-004
6.000000e+001	1.645360e-004
6.000000e+001	1.646270e-004
6.000000e+001	1.645290e-004
6.000000e+001	1.636470e-004
6.000000e+001	1.631960e-004
6.000000e+001	1.634850e-004
6.000000e+001	1.631410e-004
6.000000e+001	1.635160e-004
6.000000e+001	1.635850e-004
6.000000e+001	1.632700e-004
6.000000e+001	1.637370e-004
6.000000e+001	1.639300e-004
6.000000e+001	1.643400e-004
6.000000e+001	1.644560e-004
6.000000e+001	1.649260e-004
6.000000e+001	1.648440e-004
6.000000e+001	1.652150e-004
6.000000e+001	1.644750e-004
6.000000e+001	1.634370e-004
6.000000e+001	1.639610e-004
6.000000e+001	1.624860e-004
6.000000e+001	1.625270e-004
6.000000e+001	1.613300e-004
6.000000e+001	1.602260e-004
6.000000e+001	1.593300e-004
6.000000e+001	1.593220e-004
6.000000e+001	1.600430e-004
6.000000e+001	1.596980e-004
6.000000e+001	1.592430e-004
6.000000e+001	1.593670e-004
6.000000e+001	1.586660e-004
6.000000e+001	1.579160e-004
6.000000e+001	1.585050e-004
6.000000e+001	1.571290e-004
6.000000e+001	1.547650e-004
6.000000e+001	1.537910e-004
6.000000e+001	1.530950e-004
6.000000e+001	1.526750e-004
6.000000e+001	1.522240e-004
6.000000e+001	1.516620e-004
6.000000e+001	1.524370e-004
6.000000e+001	1.510330e-004
6.000000e+001	1.501650e-004
6.000000e+001	1.508640e-004
6.000000e+001	1.502230e-004
6.000000e+001	1.509290e-004
6.000000e+001	1.503550e-004
6.000000e+001	1.503030e-004
6.000000e+001	1.497310e-004
6.000000e+001	1.488200e-004
6.000000e+001	1.481650e-004
6.000000e+001	1.477040e-004
6.000000e+001	1.470420e-004
6.000000e+001	1.464890e-004
6.000000e+001	1.461460e-004
6.000000e+001	1.461580e-004
6.000000e+001	1.455520e-004
6.000000e+001	1.453570e-004
6.000000e+001	1.459050e-004
6.000000e+001	1.457440e-004
6.000000e+001	1.444100e-004
6.000000e+001	1.437280e-004
6.000000e+001	1.434520e-004
6.000000e+001	1.432510e-004
6.000000e+001	1.426960e-004
6.000000e+001	1.424850e-004
6.000000e+001	1.420600e-004
6.000000e+001	1.416960e-004
6.000000e+001	1.414180e-004
6.000000e+001	1.412080e-004
6.000000e+001	1.407420e-004
6.000000e+001	1.405930e-004
6.000000e+001	1.409110e-004
6.000000e+001	1.407040e-004
6.000000e+001	1.402050e-004
6.000000e+001	1.399220e-004
6.000000e+001	1.429000e-004
6.000000e+001	1.405820e-004
6.000000e+001	1.399470e-004
6.000000e+001	1.410880e-004
6.000000e+001	1.404110e-004
6.000000e+001	1.395080e-004
6.000000e+001	1.390960e-004
6.000000e+001	1.387570e-004
6.000000e+001	1.384820e-004
6.000000e+001	1.381030e-004
6.000000e+001	1.380270e-004
6.000000e+001	1.382370e-004
6.000000e+001	1.371200e-004
6.000000e+001	1.368040e-004
6.000000e+001	1.366460e-004
6.000000e+001	1.366340e-004
6.000000e+001	1.360370e-004
6.000000e+001	1.365610e-004
6.000000e+001	1.355470e-004
6.000000e+001	1.362440e-004
6.000000e+001	1.358410e-004
6.000000e+001	1.354020e-004
6.000000e+001	1.347840e-004
6.000000e+001	1.345800e-004
6.000000e+001	1.342630e-004
6.000000e+001	1.342040e-004
6.000000e+001	1.345570e-004
6.000000e+001	1.350850e-004
6.000000e+001	1.361870e-004
6.000000e+001	1.372660e-004
6.000000e+001	1.364080e-004
6.000000e+001	1.350550e-004
6.000000e+001	1.351940e-004
6.000000e+001	1.340160e-004
6.000000e+001	1.334420e-004
6.000000e+001	1.337860e-004
6.000000e+001	1.329590e-004
6.000000e+001	1.328180e-004
6.000000e+001	1.322430e-004
6.000000e+001	1.321810e-004
6.000000e+001	1.318910e-004
6.000000e+001	1.319700e-004
6.000000e+001	1.318220e-004
6.000000e+001	1.323670e-004
6.000000e+001	1.312080e-004
6.000000e+001	1.307710e-004
6.000000e+001	1.304170e-004
6.000000e+001	1.303640e-004
6.000000e+001	1.299610e-004
6.000000e+001	1.298420e-004
6.000000e+001	1.298000e-004
6.000000e+001	1.295920e-004
6.000000e+001	1.294470e-004
6.000000e+001	1.290080e-004
6.000000e+001	1.289580e-004
6.000000e+001	1.288750e-004
6.000000e+001	1.290170e-004
6.000000e+001	1.284200e-004
6.000000e+001	1.281080e-004
6.000000e+001	1.283070e-004
6.000000e+001	1.282090e-004
6.000000e+001	1.299120e-004
6.000000e+001	1.287580e-004
6.000000e+001	1.277650e-004
6.000000e+001	1.262400e-004
6.000000e+001	1.257900e-004
6.000000e+001	1.257080e-004
6.000000e+001	1.254620e-004
6.000000e+001	1.252150e-004
6.000000e+001	1.250530e-004
6.000000e+001	1.249090e-004
6.000000e+001	1.244530e-004
6.000000e+001	1.242760e-004
6.000000e+001	1.244240e-004
6.000000e+001	1.244620e-004
6.000000e+001	1.245760e-004
6.000000e+001	1.244070e-004
6.000000e+001	1.241520e-004
6.000000e+001	1.238890e-004
6.000000e+001	1.239620e-004
6.000000e+001	1.238950e-004
6.000000e+001	1.238930e-004
6.000000e+001	1.234050e-004
6.000000e+001	1.231200e-004
6.000000e+001	1.232710e-004
6.000000e+001	1.233970e-004
6.000000e+001	1.231700e-004
6.000000e+001	1.231010e-004
6.000000e+001	1.225190e-004
6.000000e+001	1.227370e-004
6.000000e+001	1.225310e-004
6.000000e+001	1.225000e-004
6.000000e+001	1.223160e-004
6.000000e+001	1.217540e-004
6.000000e+001	1.214970e-004
6.000000e+001	1.211880e-004
6.000000e+001	1.209880e-004
6.000000e+001	1.208490e-004
6.000000e+001	1.206350e-004
6.000000e+001	1.208340e-004
6.000000e+001	1.208430e-004
6.000000e+001	1.208430e-004
6.000000e+001	1.211190e-004
6.000000e+001	1.205740e-004
6.000000e+001	1.202530e-004
6.000000e+001	1.201820e-004
6.000000e+001	1.198830e-004
6.000000e+001	1.195770e-004
6.000000e+001	1.191830e-004
6.000000e+001	1.189980e-004
6.000000e+001	1.186820e-004
6.000000e+001	1.187240e-004
6.000000e+001	1.190780e-004
6.000000e+001	1.198290e-004
6.000000e+001	1.200050e-004
6.000000e+001	1.209130e-004
6.000000e+001	1.209460e-004
6.000000e+001	1.215340e-004
6.000000e+001	1.219580e-004
6.000000e+001	1.221660e-004
6.000000e+001	1.221390e-004
6.000000e+001	1.222050e-004
6.000000e+001	1.221940e-004
6.000000e+001	1.215890e-004
6.000000e+001	1.211320e-004
6.000000e+001	1.206520e-004
6.000000e+001	1.200870e-004
6.000000e+001	1.202680e-004
6.000000e+001	1.197380e-004
6.000000e+001	1.195450e-004
6.000000e+001	1.192300e-004
6.000000e+001	1.190840e-004
6.000000e+001	1.183810e-004
6.000000e+001	1.179810e-004
6.000000e+001	1.177050e-004
6.000000e+001	1.174380e-004
6.000000e+001	1.170670e-004
6.000000e+001	1.174720e-004
6.000000e+001	1.169500e-004
6.000000e+001	1.164200e-004
6.000000e+001	1.163900e-004
6.000000e+001	1.162930e-004
6.000000e+001	1.158650e-004
6.000000e+001	1.157520e-004
6.000000e+001	1.153670e-004
6.000000e+001	1.151050e-004
6.000000e+001	1.148510e-004
6.000000e+001	1.147670e-004
6.000000e+001	1.148990e-004
6.000000e+001	1.146150e-004
6.000000e+001	1.141880e-004
6.000000e+001	1.140120e-004
6.000000e+001	1.138170e-004
6.000000e+001	1.135690e-004
6.000000e+001	1.133810e-004
6.000000e+001	1.131870e-004
6.000000e+001	1.137790e-004
6.000000e+001	1.132900e-004
6.000000e+001	1.134620e-004
6.000000e+001	1.135020e-004
6.000000e+001	1.137570e-004
6.000000e+001	1.134730e-004
6.000000e+001	1.132900e-004
6.000000e+001	1.132870e-004
6.000000e+001	1.132350e-004
6.000000e+001	1.132030e-004
6.000000e+001	1.135690e-004
6.000000e+001	1.139090e-004
6.000000e+001	1.157090e-004
6.000000e+001	1.156260e-004
6.000000e+001	1.139140e-004
6.000000e+001	1.131180e-004
6.000000e+001	1.124460e-004
6.000000e+001	1.117920e-004
6.000000e+001	1.115740e-004
6.000000e+001	1.119450e-004
6.000000e+001	1.114150e-004
6.000000e+001	1.109870e-004
6.000000e+001	1.106980e-004
6.000000e+001	1.107830e-004
6.000000e+001	1.107200e-004
6.000000e+001	1.107160e-004
6.000000e+001	1.104570e-004
6.000000e+001	1.102010e-004
6.000000e+001	1.100820e-004
6.000000e+001	1.099670e-004
6.000000e+001	1.102080e-004
6.000000e+001	1.101550e-004
6.000000e+001	1.102330e-004
6.000000e+001	1.100660e-004
6.000000e+001	1.107140e-004
6.000000e+001	1.109840e-004
6.000000e+001	1.111790e-004
6.000000e+001	1.113110e-004
6.000000e+001	1.114470e-004
6.000000e+001	1.109350e-004
6.000000e+001	1.112810e-004
6.000000e+001	1.109640e-004
6.000000e+001	1.106350e-004
6.000000e+001	1.103130e-004
6.000000e+001	1.097790e-004
6.000000e+001	1.095110e-004
6.000000e+001	1.091390e-004
6.000000e+001	1.088590e-004
6.000000e+001	1.083460e-004
6.000000e+001	1.081160e-004
6.000000e+001	1.083120e-004
6.000000e+001	1.084680e-004
6.000000e+001	1.086930e-004
6.000000e+001	1.089420e-004
6.000000e+001	1.085080e-004
6.000000e+001	1.080940e-004
6.000000e+001	1.081070e-004
6.000000e+001	1.080090e-004
6.000000e+001	1.080500e-004
6.000000e+001	1.079750e-004
6.000000e+001	1.073190e-004
6.000000e+001	1.067040e-004
6.000000e+001	1.059100e-004
6.000000e+001	1.061810e-004
6.000000e+001	1.057740e-004
6.000000e+001	1.057660e-004
6.000000e+001	1.052160e-004
6.000000e+001	1.048910e-004
6.000000e+001	1.045630e-004
6.000000e+001	1.044660e-004
6.000000e+001	1.044500e-004
6.000000e+001	1.041600e-004
6.000000e+001	1.039610e-004
6.000000e+001	1.037990e-004
6.000000e+001	1.043870e-004
6.000000e+001	1.039440e-004
6.000000e+001	1.035030e-004
6.000000e+001	1.035930e-004
6.000000e+001	1.031190e-004
6.000000e+001	1.028590e-004
6.000000e+001	1.026840e-004
6.000000e+001	1.025670e-004
6.000000e+001	1.023500e-004
6.000000e+001	1.028290e-004
6.000000e+001	1.024430e-004
6.000000e+001	1.021990e-004
6.000000e+001	1.020490e-004
6.000000e+001	1.021780e-004
6.000000e+001	1.019600e-004
6.000000e+001	1.025190e-004
6.000000e+001	1.021880e-004
6.000000e+001	1.021350e-004
6.000000e+001	1.019880e-004
6.000000e+001	1.018350e-004
6.000000e+001	1.018560e-004
6.000000e+001	1.017940e-004
6.000000e+001	1.017390e-004
6.000000e+001	1.017450e-004
6.000000e+001	1.017990e-004
6.000000e+001	1.017160e-004
6.000000e+001	1.015940e-004
6.000000e+001	1.016210e-004
6.000000e+001	1.015430e-004
6.000000e+001	1.012640e-004
6.000000e+001	1.009370e-004
6.000000e+001	1.009590e-004
6.000000e+001	1.008270e-004
6.000000e+001	1.008650e-004
6.000000e+001	1.007800e-004
6.000000e+001	1.005630e-004
6.000000e+001	1.002460e-004
6.000000e+001	1.001830e-004
6.000000e+001	9.985080e-005
6.000000e+001	9.985470e-005
6.000000e+001	9.976300e-005
6.000000e+001	9.947030e-005
6.000000e+001	9.940400e-005
6.000000e+001	9.936660e-005
6.000000e+001	9.905030e-005
6.000000e+001	9.887670e-005
6.000000e+001	9.876290e-005
6.000000e+001	9.867210e-005
6.000000e+001	9.861300e-005
6.000000e+001	9.935410e-005
6.000000e+001	9.945190e-005
6.000000e+001	9.906220e-005
6.000000e+001	9.891080e-005
6.000000e+001	9.864650e-005
6.000000e+001	9.860090e-005
6.000000e+001	9.847310e-005
6.000000e+001	9.914770e-005
6.000000e+001	9.843650e-005
6.000000e+001	9.810890e-005
6.000000e+001	9.791210e-005
6.000000e+001	9.789450e-005
6.000000e+001	9.808630e-005
6.000000e+001	9.824550e-005
6.000000e+001	9.792340e-005
6.000000e+001	9.786080e-005
6.000000e+001	9.764270e-005
6.000000e+001	9.787140e-005
6.000000e+001	9.848960e-005
6.000000e+001	9.844900e-005
6.000000e+001	9.826580e-005
6.000000e+001	9.757210e-005
6.000000e+001	9.755260e-005
6.000000e+001	9.817710e-005
6.000000e+001	9.740990e-005
6.000000e+001	9.720520e-005
6.000000e+001	9.651590e-005
6.000000e+001	9.633000e-005
6.000000e+001	9.614140e-005
6.000000e+001	9.646250e-005
6.000000e+001	9.658420e-005
6.000000e+001	9.625490e-005
6.000000e+001	9.609780e-005
6.000000e+001	9.593830e-005
6.000000e+001	9.633850e-005
6.000000e+001	9.686090e-005
6.000000e+001	9.672980e-005
6.000000e+001	9.641350e-005
6.000000e+001	9.618680e-005
6.000000e+001	9.578110e-005
6.000000e+001	9.567060e-005
6.000000e+001	9.570330e-005
6.000000e+001	9.552540e-005
6.000000e+001	9.513760e-005
6.000000e+001	9.510330e-005
6.000000e+001	9.517130e-005
6.000000e+001	9.510340e-005
6.000000e+001	9.481270e-005
6.000000e+001	9.467370e-005
6.000000e+001	9.458190e-005
6.000000e+001	9.461640e-005
6.000000e+001	9.425200e-005
6.000000e+001	9.414320e-005
6.000000e+001	9.391460e-005
6.000000e+001	9.394760e-005
6.000000e+001	9.374750e-005
6.000000e+001	9.365630e-005
6.000000e+001	9.357490e-005
6.000000e+001	9.334240e-005
6.000000e+001	9.327820e-005
6.000000e+001	9.330460e-005
6.000000e+001	9.324260e-005
6.000000e+001	9.306750e-005
6.000000e+001	9.334810e-005
6.000000e+001	9.309380e-005
6.000000e+001	9.290970e-005
6.000000e+001	9.283960e-005
6.000000e+001	9.295360e-005
6.000000e+001	9.307970e-005
6.000000e+001	9.281040e-005
6.000000e+001	9.354710e-005
6.000000e+001	9.303700e-005
6.000000e+001	9.254020e-005
6.000000e+001	9.240300e-005
6.000000e+001	9.220020e-005
6.000000e+001	9.223280e-005
6.000000e+001	9.215480e-005
6.000000e+001	9.190900e-005
6.000000e+001	9.180950e-005
6.000000e+001	9.178080e-005
6.000000e+001	9.211910e-005
6.000000e+001	9.268630e-005
6.000000e+001	9.220050e-005
6.000000e+001	9.189600e-005
6.000000e+001	9.155490e-005
6.000000e+001	9.137760e-005
6.000000e+001	9.127930e-005
6.000000e+001	9.177980e-005
6.000000e+001	9.164990e-005
6.000000e+001	9.187180e-005
6.000000e+001	9.122470e-005
6.000000e+001	9.099950e-005
6.000000e+001	9.084010e-005
6.000000e+001	9.078150e-005
6.000000e+001	9.066500e-005
6.000000e+001	9.073090e-005
6.000000e+001	9.081690e-005
6.000000e+001	9.093590e-005
6.000000e+001	9.051030e-005
6.000000e+001	9.024190e-005
6.000000e+001	9.009350e-005
6.000000e+001	8.999860e-005
6.000000e+001	8.994450e-005
6.000000e+001	8.991700e-005
6.000000e+001	8.981410e-005
6.000000e+001	8.975920e-005
6.000000e+001	8.974540e-005
6.000000e+001	8.966220e-005
6.000000e+001	8.956340e-005
6.000000e+001	8.961150e-005
6.000000e+001	8.950450e-005
6.000000e+001	8.952260e-005
6.000000e+001	8.936290e-005
6.000000e+001	8.938080e-005
6.000000e+001	8.930590e-005
6.000000e+001	8.947830e-005
6.000000e+001	8.927570e-005
6.000000e+001	8.925130e-005
6.000000e+001	8.912400e-005
6.000000e+001	8.901620e-005
6.000000e+001	8.888110e-005
6.000000e+001	8.883450e-005
6.000000e+001	8.869480e-005
6.000000e+001	8.864600e-005
6.000000e+001	8.865670e-005
6.000000e+001	8.861730e-005
6.000000e+001	8.846090e-005
6.000000e+001	8.852440e-005
6.000000e+001	8.840960e-005
6.000000e+001	8.812780e-005
6.000000e+001	8.805190e-005
6.000000e+001	8.841180e-005
6.000000e+001	8.820390e-005
6.000000e+001	8.806310e-005
6.000000e+001	8.792110e-005
6.000000e+001	8.776470e-005
6.000000e+001	8.790060e-005
6.000000e+001	8.769670e-005
6.000000e+001	8.809400e-005
6.000000e+001	8.812730e-005
6.000000e+001	8.823820e-005
6.000000e+001	8.842910e-005
6.000000e+001	8.810460e-005
6.000000e+001	8.785220e-005
6.000000e+001	8.778830e-005
6.000000e+001	8.751170e-005
6.000000e+001	8.735370e-005
6.000000e+001	8.738140e-005
6.000000e+001	8.738040e-005
6.000000e+001	8.727850e-005
6.000000e+001	8.720680e-005
6.000000e+001	8.715920e-005
6.000000e+001	8.712790e-005
6.000000e+001	8.748990e-005
6.000000e+001	8.825000e-005
6.000000e+001	8.760580e-005
6.000000e+001	8.804120e-005
6.000000e+001	8.766130e-005
6.000000e+001	8.739210e-005
6.000000e+001	8.756840e-005
6.000000e+001	8.740350e-005
6.000000e+001	8.739760e-005
6.000000e+001	8.756420e-005
6.000000e+001	8.748890e-005
6.000000e+001	8.780330e-005
6.000000e+001	8.758160e-005
6.000000e+001	8.741700e-005
6.000000e+001	8.739590e-005
6.000000e+001	8.744290e-005
6.000000e+001	8.712170e-005
6.000000e+001	8.703050e-005
6.000000e+001	8.722370e-005
6.000000e+001	8.680550e-005
6.000000e+001	8.681010e-005
6.000000e+001	8.653970e-005
6.000000e+001	8.647220e-005
6.000000e+001	8.613010e-005
6.000000e+001	8.582250e-005
6.000000e+001	8.563930e-005
6.000000e+001	8.531050e-005
6.000000e+001	8.508760e-005
6.000000e+001	8.493830e-005
6.000000e+001	8.480930e-005
6.000000e+001	8.475100e-005
6.000000e+001	8.454260e-005
6.000000e+001	8.447900e-005
6.000000e+001	8.427800e-005
6.000000e+001	8.415270e-005
6.000000e+001	8.406210e-005
6.000000e+001	8.392640e-005
6.000000e+001	8.384470e-005
6.000000e+001	8.385310e-005
6.000000e+001	8.379040e-005
6.000000e+001	8.371260e-005
6.000000e+001	8.379530e-005
6.000000e+001	8.353330e-005
6.000000e+001	8.342590e-005
6.000000e+001	8.556470e-005
6.000000e+001	8.377180e-005
6.000000e+001	8.339520e-005
6.000000e+001	8.321970e-005
6.000000e+001	8.344200e-005
6.000000e+001	8.361140e-005
6.000000e+001	8.347360e-005
6.000000e+001	8.320420e-005
6.000000e+001	8.322530e-005
6.000000e+001	8.306110e-005
6.000000e+001	8.301350e-005
6.000000e+001	8.304720e-005
6.000000e+001	8.287580e-005
6.000000e+001	8.271600e-005
6.000000e+001	8.264800e-005
6.000000e+001	8.252950e-005
6.000000e+001	8.239070e-005
6.000000e+001	8.238330e-005
6.000000e+001	8.245480e-005
6.000000e+001	8.234060e-005
6.000000e+001	8.217580e-005
6.000000e+001	8.215500e-005
6.000000e+001	8.222280e-005
6.000000e+001	8.224190e-005
6.000000e+001	8.222560e-005
6.000000e+001	8.215880e-005
6.000000e+001	8.206670e-005
6.000000e+001	8.199180e-005
6.000000e+001	8.186190e-005
6.000000e+001	8.172470e-005
6.000000e+001	8.167580e-005
6.000000e+001	8.157130e-005
6.000000e+001	8.170120e-005
6.000000e+001	8.165490e-005
6.000000e+001	8.172950e-005
6.000000e+001	8.158130e-005
6.000000e+001	8.149260e-005
6.000000e+001	8.166980e-005
6.000000e+001	8.136170e-005
6.000000e+001	8.119730e-005
6.000000e+001	8.118040e-005
6.000000e+001	8.107570e-005
6.000000e+001	8.096430e-005
6.000000e+001	8.085580e-005
6.000000e+001	8.109390e-005
6.000000e+001	8.106770e-005
6.000000e+001	8.104260e-005
6.000000e+001	8.111040e-005
6.000000e+001	8.102430e-005
6.000000e+001	8.123950e-005
6.000000e+001	8.096940e-005
6.000000e+001	8.079810e-005
6.000000e+001	8.068320e-005
6.000000e+001	8.067280e-005
6.000000e+001	8.067920e-005
6.000000e+001	8.071860e-005
6.000000e+001	8.133450e-005
6.000000e+001	8.158340e-005
6.000000e+001	8.303820e-005
6.000000e+001	8.463000e-005
6.000000e+001	8.579050e-005
6.000000e+001	8.638190e-005
6.000000e+001	8.789600e-005
6.000000e+001	8.919060e-005
6.000000e+001	9.098140e-005
6.000000e+001	9.190890e-005
6.000000e+001	9.295120e-005
6.000000e+001	9.388610e-005
6.000000e+001	9.440470e-005
6.000000e+001	9.447220e-005
6.000000e+001	9.417610e-005
6.000000e+001	9.322990e-005
6.000000e+001	9.226430e-005
6.000000e+001	9.135300e-005
6.000000e+001	9.186090e-005
6.000000e+001	9.149220e-005
6.000000e+001	9.150510e-005
6.000000e+001	9.156300e-005
6.000000e+001	9.181360e-005
6.000000e+001	9.320520e-005
6.000000e+001	9.460150e-005
6.000000e+001	9.488790e-005
6.000000e+001	9.635560e-005
6.000000e+001	9.780260e-005
6.000000e+001	9.998680e-005
6.000000e+001	1.016330e-004
6.000000e+001	1.044750e-004
6.000000e+001	1.063940e-004
6.000000e+001	1.086710e-004
6.000000e+001	1.114090e-004
6.000000e+001	1.128060e-004
6.000000e+001	1.135280e-004
6.000000e+001	1.132810e-004
6.000000e+001	1.121190e-004
6.000000e+001	1.115120e-004
6.000000e+001	1.114150e-004
6.000000e+001	1.113200e-004
6.000000e+001	1.133120e-004
6.000000e+001	1.127270e-004
6.000000e+001	1.127440e-004
6.000000e+001	1.134920e-004
6.000000e+001	1.150910e-004
6.000000e+001	1.135490e-004
6.000000e+001	1.128920e-004
6.000000e+001	1.121440e-004
6.000000e+001	1.130810e-004
6.000000e+001	1.128350e-004
6.000000e+001	1.129930e-004
6.000000e+001	1.117050e-004
6.000000e+001	1.103590e-004
6.000000e+001	1.097690e-004
6.000000e+001	1.092400e-004
6.000000e+001	1.084930e-004
6.000000e+001	1.064970e-004
6.000000e+001	1.036230e-004
6.000000e+001	1.024330e-004
6.000000e+001	1.006880e-004
6.000000e+001	9.943470e-005
6.000000e+001	9.840880e-005
6.000000e+001	9.761420e-005
6.000000e+001	9.780670e-005
6.000000e+001	9.683940e-005
6.000000e+001	9.660040e-005
6.000000e+001	9.573640e-005
6.000000e+001	9.497350e-005
6.000000e+001	9.364060e-005
6.000000e+001	9.200600e-005
6.000000e+001	9.093540e-005
6.000000e+001	9.021690e-005
6.000000e+001	8.910270e-005
6.000000e+001	8.825430e-005
6.000000e+001	8.754650e-005
6.000000e+001	8.634610e-005
6.000000e+001	8.530630e-005
6.000000e+001	8.446730e-005
6.000000e+001	8.384330e-005
6.000000e+001	8.319930e-005
6.000000e+001	8.263900e-005
6.000000e+001	8.192190e-005
6.000000e+001	8.187840e-005
6.000000e+001	8.131990e-005
6.000000e+001	8.069230e-005
6.000000e+001	8.066650e-005
6.000000e+001	8.004490e-005
6.000000e+001	7.981560e-005
6.000000e+001	7.967690e-005
6.000000e+001	7.951200e-005
6.000000e+001	7.921310e-005
6.000000e+001	7.907110e-005
6.000000e+001	7.894450e-005
6.000000e+001	7.872990e-005
6.000000e+001	7.887170e-005
6.000000e+001	7.865870e-005
6.000000e+001	7.860870e-005
6.000000e+001	7.872500e-005
6.000000e+001	7.879220e-005
6.000000e+001	7.882690e-005
6.000000e+001	7.873940e-005
6.000000e+001	7.862930e-005
6.000000e+001	7.861540e-005
6.000000e+001	7.851350e-005
6.000000e+001	7.841690e-005
6.000000e+001	7.829490e-005
6.000000e+001	7.825960e-005
6.000000e+001	7.831090e-005
6.000000e+001	7.820990e-005
6.000000e+001	7.836690e-005
6.000000e+001	7.836570e-005
6.000000e+001	7.843570e-005
6.000000e+001	7.834100e-005
6.000000e+001	7.827100e-005
6.000000e+001	7.820920e-005
6.000000e+001	7.816920e-005
6.000000e+001	7.815280e-005
6.000000e+001	7.826790e-005
6.000000e+001	7.823510e-005
6.000000e+001	7.823670e-005
6.000000e+001	7.813830e-005
6.000000e+001	7.844840e-005
6.000000e+001	7.845930e-005
6.000000e+001	7.849830e-005
6.000000e+001	7.855560e-005
6.000000e+001	7.864000e-005
6.000000e+001	7.866010e-005
6.000000e+001	7.865140e-005
6.000000e+001	7.868770e-005
6.000000e+001	7.880950e-005
6.000000e+001	7.895820e-005
6.000000e+001	7.870060e-005
6.000000e+001	7.874000e-005
6.000000e+001	7.874510e-005
6.000000e+001	7.858570e-005
6.000000e+001	7.867490e-005
6.000000e+001	7.856070e-005
6.000000e+001	7.877160e-005
6.000000e+001	7.907770e-005
6.000000e+001	7.917780e-005
6.000000e+001	7.902150e-005
6.000000e+001	7.911810e-005
6.000000e+001	7.919100e-005
6.000000e+001	7.908660e-005
6.000000e+001	7.909000e-005
6.000000e+001	7.911780e-005
6.000000e+001	7.908980e-005
6.000000e+001	7.911770e-005
6.000000e+001	7.894800e-005
6.000000e+001	7.892130e-005
6.000000e+001	7.897640e-005
6.000000e+001	7.897760e-005
6.000000e+001	7.893000e-005
6.000000e+001	7.908830e-005
6.000000e+001	7.928490e-005
6.000000e+001	8.110740e-005
6.000000e+001	8.077230e-005
6.000000e+001	8.100120e-005
6.000000e+001	8.066200e-005
6.000000e+001	8.036810e-005
6.000000e+001	7.978150e-005
6.000000e+001	7.888410e-005
6.000000e+001	7.862870e-005
6.000000e+001	7.842310e-005
6.000000e+001	7.837130e-005
6.000000e+001	7.849960e-005
6.000000e+001	7.841930e-005
6.000000e+001	7.831610e-005
6.000000e+001	7.811790e-005
6.000000e+001	7.786530e-005
6.000000e+001	7.827640e-005
6.000000e+001	7.776880e-005
6.000000e+001	7.757830e-005
6.000000e+001	7.796160e-005
6.000000e+001	7.787530e-005
6.000000e+001	7.774510e-005
6.000000e+001	7.759940e-005
6.000000e+001	7.762580e-005
6.000000e+001	7.769110e-005
6.000000e+001	7.768480e-005
6.000000e+001	7.773290e-005
6.000000e+001	7.763500e-005
6.000000e+001	7.778740e-005
6.000000e+001	7.788070e-005
6.000000e+001	7.784260e-005
6.000000e+001	7.790900e-005
6.000000e+001	7.797660e-005
6.000000e+001	7.829320e-005
6.000000e+001	7.840650e-005
6.000000e+001	7.847840e-005
6.000000e+001	7.860140e-005
6.000000e+001	7.904100e-005
6.000000e+001	7.903610e-005
6.000000e+001	7.907130e-005
6.000000e+001	7.906750e-005
6.000000e+001	7.910050e-005
6.000000e+001	7.900240e-005
6.000000e+001	7.892290e-005
6.000000e+001	7.891040e-005
6.000000e+001	7.929670e-005
6.000000e+001	7.949580e-005
6.000000e+001	7.924530e-005
6.000000e+001	7.910370e-005
6.000000e+001	7.898000e-005
6.000000e+001	7.891760e-005
6.000000e+001	7.876110e-005
6.000000e+001	7.870010e-005
6.000000e+001	7.860220e-005
6.000000e+001	7.871720e-005
6.000000e+001	7.871010e-005
6.000000e+001	7.876530e-005
6.000000e+001	7.863360e-005
6.000000e+001	7.871240e-005
6.000000e+001	7.921470e-005
6.000000e+001	7.908060e-005
6.000000e+001	7.894060e-005
6.000000e+001	7.884880e-005
6.000000e+001	7.882390e-005
6.000000e+001	7.870090e-005
6.000000e+001	7.862040e-005
6.000000e+001	7.837720e-005
6.000000e+001	7.826680e-005
6.000000e+001	7.823080e-005
6.000000e+001	7.831280e-005
6.000000e+001	7.813470e-005
6.000000e+001	7.827660e-005
6.000000e+001	7.808180e-005
6.000000e+001	7.792010e-005
6.000000e+001	7.794120e-005
6.000000e+001	7.774240e-005
6.000000e+001	7.780990e-005
6.000000e+001	7.765770e-005
6.000000e+001	7.760280e-005
6.000000e+001	7.781220e-005
6.000000e+001	7.778980e-005
6.000000e+001	7.754880e-005
6.000000e+001	7.750880e-005
6.000000e+001	7.735210e-005
6.000000e+001	7.764280e-005
6.000000e+001	7.736480e-005
6.000000e+001	7.722520e-005
6.000000e+001	7.713750e-005
6.000000e+001	7.696470e-005
6.000000e+001	7.681240e-005
6.000000e+001	7.671310e-005
6.000000e+001	7.651880e-005
6.000000e+001	7.637530e-005
6.000000e+001	7.625680e-005
6.000000e+001	7.617610e-005
6.000000e+001	7.612020e-005
6.000000e+001	7.620520e-005
6.000000e+001	7.631460e-005
6.000000e+001	7.599290e-005
6.000000e+001	7.576490e-005
6.000000e+001	7.569580e-005
6.000000e+001	7.565040e-005
6.000000e+001	7.561160e-005
6.000000e+001	7.570110e-005
6.000000e+001	7.569920e-005
6.000000e+001	7.571470e-005
6.000000e+001	7.566000e-005
6.000000e+001	7.555020e-005
6.000000e+001	7.553440e-005
6.000000e+001	7.539280e-005
6.000000e+001	7.524540e-005
6.000000e+001	7.512320e-005
6.000000e+001	7.503630e-005
6.000000e+001	7.489140e-005
6.000000e+001	7.476900e-005
6.000000e+001	7.471080e-005
6.000000e+001	7.461260e-005
6.000000e+001	7.448760e-005
6.000000e+001	7.433290e-005
6.000000e+001	7.418800e-005
6.000000e+001	7.405150e-005
6.000000e+001	7.391230e-005
6.000000e+001	7.423980e-005
6.000000e+001	7.411190e-005
6.000000e+001	7.383340e-005
6.000000e+001	7.396710e-005
6.000000e+001	7.409130e-005
6.000000e+001	7.378890e-005
6.000000e+001	7.372740e-005
6.000000e+001	7.370680e-005
6.000000e+001	7.355350e-005
6.000000e+001	7.341090e-005
6.000000e+001	7.334760e-005
6.000000e+001	7.331510e-005
6.000000e+001	7.326470e-005
6.000000e+001	7.325960e-005
6.000000e+001	7.324370e-005
6.000000e+001	7.361090e-005
6.000000e+001	7.361380e-005
6.000000e+001	7.317250e-005
6.000000e+001	7.298650e-005
6.000000e+001	7.288520e-005
6.000000e+001	7.285020e-005
6.000000e+001	7.281760e-005
6.000000e+001	7.271130e-005
6.000000e+001	7.262020e-005
6.000000e+001	7.252940e-005
6.000000e+001	7.247580e-005
6.000000e+001	7.241320e-005
6.000000e+001	7.236710e-005
6.000000e+001	7.225430e-005
6.000000e+001	7.223080e-005
6.000000e+001	7.265340e-005
6.000000e+001	7.262530e-005
6.000000e+001	7.251910e-005
6.000000e+001	7.244910e-005
6.000000e+001	7.233130e-005
6.000000e+001	7.218690e-005
6.000000e+001	7.259470e-005
6.000000e+001	7.231070e-005
6.000000e+001	7.210340e-005
6.000000e+001	7.197760e-005
6.000000e+001	7.185500e-005
6.000000e+001	7.177530e-005
6.000000e+001	7.163610e-005
6.000000e+001	7.151960e-005
6.000000e+001	7.148370e-005
6.000000e+001	7.153750e-005
6.000000e+001	7.138010e-005
6.000000e+001	7.154380e-005
6.000000e+001	7.158570e-005
6.000000e+001	7.146950e-005
6.000000e+001	7.292340e-005
6.000000e+001	7.258190e-005
6.000000e+001	7.169370e-005
6.000000e+001	7.136640e-005
6.000000e+001	7.126490e-005
6.000000e+001	7.118060e-005
6.000000e+001	7.145550e-005
6.000000e+001	7.153050e-005
6.000000e+001	7.160760e-005
6.000000e+001	7.145650e-005
6.000000e+001	7.137640e-005
6.000000e+001	7.139200e-005
6.000000e+001	7.127420e-005
6.000000e+001	7.165790e-005
6.000000e+001	7.187790e-005
6.000000e+001	7.146250e-005
6.000000e+001	7.120490e-005
6.000000e+001	7.106910e-005
6.000000e+001	7.100510e-005
6.000000e+001	7.094380e-005
6.000000e+001	7.092170e-005
6.000000e+001	7.091260e-005
6.000000e+001	7.087420e-005
6.000000e+001	7.079630e-005
6.000000e+001	7.076440e-005
6.000000e+001	7.072190e-005
6.000000e+001	7.070360e-005
6.000000e+001	7.069560e-005
6.000000e+001	7.071870e-005
6.000000e+001	7.075760e-005
6.000000e+001	7.084250e-005
6.000000e+001	7.075230e-005
6.000000e+001	7.075270e-005
6.000000e+001	7.068290e-005
6.000000e+001	7.061810e-005
6.000000e+001	7.067230e-005
6.000000e+001	7.061650e-005
6.000000e+001	7.048550e-005
6.000000e+001	7.047220e-005
6.000000e+001	7.105340e-005
6.000000e+001	7.082230e-005
6.000000e+001	7.072070e-005
6.000000e+001	7.061460e-005
6.000000e+001	7.065440e-005
6.000000e+001	7.054520e-005
6.000000e+001	7.114300e-005
6.000000e+001	7.064760e-005
6.000000e+001	7.043810e-005
6.000000e+001	7.032040e-005
6.000000e+001	7.031390e-005
6.000000e+001	7.033030e-005
6.000000e+001	7.022260e-005
6.000000e+001	7.010120e-005
6.000000e+001	7.001140e-005
6.000000e+001	6.995870e-005
6.000000e+001	7.000830e-005
6.000000e+001	6.980500e-005
6.000000e+001	6.969350e-005
6.000000e+001	6.962280e-005
6.000000e+001	6.959840e-005
6.000000e+001	6.955030e-005
6.000000e+001	6.953130e-005
6.000000e+001	6.950240e-005
6.000000e+001	6.944000e-005
6.000000e+001	6.947940e-005
6.000000e+001	6.932960e-005
6.000000e+001	6.927300e-005
6.000000e+001	6.928620e-005
6.000000e+001	6.928410e-005
6.000000e+001	6.926860e-005
6.000000e+001	6.917970e-005
6.000000e+001	6.918210e-005
6.000000e+001	6.922460e-005
6.000000e+001	6.913980e-005
6.000000e+001	6.910910e-005
6.000000e+001	6.902180e-005
6.000000e+001	6.901810e-005
6.000000e+001	6.936930e-005
6.000000e+001	6.930150e-005
6.000000e+001	6.915610e-005
6.000000e+001	6.904850e-005
6.000000e+001	6.900660e-005
6.000000e+001	6.898860e-005
6.000000e+001	6.897090e-005
6.000000e+001	6.889900e-005
6.000000e+001	6.890770e-005
6.000000e+001	6.887540e-005
6.000000e+001	6.886620e-005
6.000000e+001	6.884890e-005
6.000000e+001	6.881640e-005
6.000000e+001	6.877960e-005
6.000000e+001	6.886440e-005
6.000000e+001	6.883580e-005
6.000000e+001	6.888810e-005
6.000000e+001	6.887340e-005
6.000000e+001	6.881760e-005
6.000000e+001	6.879260e-005
6.000000e+001	6.877510e-005
6.000000e+001	6.879190e-005
6.000000e+001	6.866270e-005
6.000000e+001	6.857140e-005
6.000000e+001	6.863000e-005
6.000000e+001	6.859530e-005
6.000000e+001	6.854380e-005
6.000000e+001	6.863930e-005
6.000000e+001	6.855290e-005
6.000000e+001	6.868360e-005
6.000000e+001	6.861850e-005
6.000000e+001	6.835890e-005
6.000000e+001	6.828320e-005
6.000000e+001	6.828860e-005
6.000000e+001	6.817710e-005
6.000000e+001	6.809520e-005
6.000000e+001	6.807900e-005
6.000000e+001	6.799870e-005
6.000000e+001	6.793840e-005
6.000000e+001	6.791790e-005
6.000000e+001	6.787710e-005
6.000000e+001	6.791340e-005
6.000000e+001	6.782200e-005
6.000000e+001	6.776940e-005
6.000000e+001	6.781110e-005
6.000000e+001	6.787770e-005
6.000000e+001	6.851180e-005
6.000000e+001	6.809630e-005
6.000000e+001	6.795380e-005
6.000000e+001	6.788980e-005
6.000000e+001	6.784690e-005
6.000000e+001	6.778730e-005
6.000000e+001	6.786500e-005
6.000000e+001	6.784740e-005
6.000000e+001	6.778380e-005
6.000000e+001	6.805030e-005
6.000000e+001	6.785770e-005
6.000000e+001	6.779830e-005
6.000000e+001	6.772300e-005
6.000000e+001	6.765950e-005
6.000000e+001	6.764660e-005
6.000000e+001	6.752680e-005
6.000000e+001	6.749340e-005
6.000000e+001	6.742160e-005
6.000000e+001	6.741960e-005
6.000000e+001	6.741470e-005
6.000000e+001	6.735270e-005
6.000000e+001	6.733260e-005
6.000000e+001	6.736190e-005
6.000000e+001	6.734110e-005
6.000000e+001	6.730480e-005
6.000000e+001	6.728230e-005
6.000000e+001	6.728970e-005
6.000000e+001	6.733330e-005
6.000000e+001	6.729580e-005
6.000000e+001	6.727170e-005
6.000000e+001	6.727040e-005
6.000000e+001	6.727340e-005
6.000000e+001	6.733040e-005
6.000000e+001	6.729080e-005
6.000000e+001	6.733640e-005
6.000000e+001	6.730920e-005
6.000000e+001	6.731560e-005
6.000000e+001	6.733870e-005
6.000000e+001	6.733180e-005
6.000000e+001	6.732900e-005
6.000000e+001	6.733300e-005
6.000000e+001	6.732220e-005
6.000000e+001	6.738630e-005
6.000000e+001	6.733340e-005
6.000000e+001	6.735360e-005
6.000000e+001	6.732620e-005
6.000000e+001	6.733330e-005
6.000000e+001	6.728930e-005
6.000000e+001	6.726170e-005
6.000000e+001	6.729670e-005
6.000000e+001	6.726010e-005
6.000000e+001	6.719920e-005
6.000000e+001	6.721190e-005
6.000000e+001	6.719760e-005
6.000000e+001	6.716480e-005
6.000000e+001	6.712870e-005
6.000000e+001	6.723990e-005
6.000000e+001	6.722860e-005
6.000000e+001	6.731170e-005
6.000000e+001	6.729780e-005
6.000000e+001	6.730820e-005
6.000000e+001	6.723930e-005
6.000000e+001	6.720430e-005
6.000000e+001	6.716080e-005
6.000000e+001	6.716250e-005
6.000000e+001	6.719930e-005
6.000000e+001	6.718150e-005
6.000000e+001	6.715930e-005
6.000000e+001	6.711530e-005
6.000000e+001	6.709130e-005
6.000000e+001	6.708940e-005
6.000000e+001	6.709250e-005
6.000000e+001	6.711230e-005
6.000000e+001	6.720700e-005
6.000000e+001	6.714290e-005
6.000000e+001	6.726100e-005
6.000000e+001	6.721930e-005
6.000000e+001	6.742900e-005
6.000000e+001	6.742720e-005
6.000000e+001	6.730370e-005
6.000000e+001	6.709330e-005
6.000000e+001	6.702400e-005
6.000000e+001	6.719740e-005
6.000000e+001	6.705720e-005
6.000000e+001	6.700260e-005
6.000000e+001	6.690260e-005
6.000000e+001	6.695350e-005
6.000000e+001	6.691000e-005
6.000000e+001	6.735180e-005
6.000000e+001	6.695280e-005
6.000000e+001	6.692550e-005
6.000000e+001	6.686200e-005
6.000000e+001	6.679710e-005
6.000000e+001	6.677880e-005
6.000000e+001	6.672290e-005
6.000000e+001	6.669430e-005
6.000000e+001	6.664740e-005
6.000000e+001	6.664910e-005
6.000000e+001	6.665840e-005
6.000000e+001	6.659120e-005
6.000000e+001	6.655460e-005
6.000000e+001	6.659240e-005
6.000000e+001	6.663390e-005
6.000000e+001	6.656670e-005
6.000000e+001	6.658990e-005
6.000000e+001	6.652210e-005
6.000000e+001	6.652810e-005
6.000000e+001	6.652740e-005
6.000000e+001	6.658860e-005
6.000000e+001	6.652160e-005
6.000000e+001	6.652370e-005
6.000000e+001	6.649590e-005
6.000000e+001	6.645770e-005
6.000000e+001	6.642810e-005
6.000000e+001	6.647700e-005
6.000000e+001	6.642430e-005
6.000000e+001	6.651350e-005
6.000000e+001	6.652940e-005
6.000000e+001	6.650110e-005
6.000000e+001	6.651820e-005
6.000000e+001	6.651040e-005
6.000000e+001	6.651500e-005
6.000000e+001	6.648350e-005
6.000000e+001	6.648620e-005
6.000000e+001	6.650020e-005
6.000000e+001	6.647260e-005
6.000000e+001	6.647500e-005
6.000000e+001	6.646720e-005
6.000000e+001	6.644750e-005
6.000000e+001	6.641490e-005
6.000000e+001	6.637480e-005
6.000000e+001	6.635540e-005
6.000000e+001	6.637300e-005
6.000000e+001	6.631670e-005
6.000000e+001	6.629360e-005
6.000000e+001	6.624990e-005
6.000000e+001	6.621620e-005
6.000000e+001	6.622970e-005
6.000000e+001	6.619770e-005
6.000000e+001	6.617180e-005
6.000000e+001	6.616310e-005
6.000000e+001	6.612040e-005
6.000000e+001	6.611290e-005
6.000000e+001	6.611840e-005
6.000000e+001	6.611770e-005
6.000000e+001	6.616330e-005
6.000000e+001	6.621220e-005
6.000000e+001	6.612240e-005
6.000000e+001	6.606390e-005
6.000000e+001	6.603170e-005
6.000000e+001	6.607800e-005
6.000000e+001	6.611410e-005
6.000000e+001	6.611790e-005
6.000000e+001	6.621760e-005
6.000000e+001	6.614550e-005
6.000000e+001	6.626450e-005
6.000000e+001	6.615320e-005
6.000000e+001	6.616360e-005
6.000000e+001	6.612840e-005
6.000000e+001	6.609090e-005
6.000000e+001	6.605170e-005
6.000000e+001	6.605160e-005
6.000000e+001	6.607270e-005
6.000000e+001	6.601730e-005
6.000000e+001	6.595000e-005
6.000000e+001	6.586680e-005
6.000000e+001	6.590210e-005
6.000000e+001	6.585700e-005
6.000000e+001	6.580390e-005
6.000000e+001	6.577500e-005
6.000000e+001	6.572470e-005
6.000000e+001	6.565460e-005
6.000000e+001	6.580760e-005
6.000000e+001	6.570920e-005
6.000000e+001	6.568170e-005
6.000000e+001	6.563930e-005
6.000000e+001	6.565490e-005
6.000000e+001	6.568100e-005
6.000000e+001	6.560190e-005
6.000000e+001	6.557240e-005
6.000000e+001	6.552480e-005
6.000000e+001	6.554060e-005
6.000000e+001	6.544310e-005
6.000000e+001	6.542170e-005
6.000000e+001	6.543280e-005
6.000000e+001	6.558710e-005
6.000000e+001	6.547920e-005
6.000000e+001	6.536320e-005
6.000000e+001	6.530470e-005
6.000000e+001	6.525900e-005
6.000000e+001	6.520950e-005
6.000000e+001	6.514920e-005
6.000000e+001	6.522340e-005
6.000000e+001	6.513040e-005
6.000000e+001	6.513650e-005
6.000000e+001	6.506420e-005
6.000000e+001	6.499270e-005
6.000000e+001	6.498810e-005
6.000000e+001	6.495460e-005
6.000000e+001	6.489740e-005
6.000000e+001	6.489420e-005
6.000000e+001	6.485000e-005
6.000000e+001	6.484060e-005
6.000000e+001	6.478470e-005
6.000000e+001	6.480450e-005
6.000000e+001	6.479960e-005
6.000000e+001	6.477770e-005
6.000000e+001	6.473330e-005
6.000000e+001	6.470150e-005
6.000000e+001	6.467860e-005
6.000000e+001	6.465690e-005
6.000000e+001	6.463520e-005
6.000000e+001	6.466590e-005
6.000000e+001	6.465660e-005
6.000000e+001	6.463270e-005
6.000000e+001	6.469820e-005
6.000000e+001	6.465340e-005
6.000000e+001	6.466140e-005
6.000000e+001	6.472970e-005
6.000000e+001	6.470630e-005
6.000000e+001	6.468660e-005
6.000000e+001	6.474700e-005
6.000000e+001	6.473350e-005
6.000000e+001	6.470240e-005
6.000000e+001	6.468620e-005
6.000000e+001	6.465870e-005
6.000000e+001	6.473550e-005
6.000000e+001	6.474240e-005
6.000000e+001	6.476120e-005
6.000000e+001	6.475470e-005
6.000000e+001	6.473060e-005
6.000000e+001	6.475030e-005
6.000000e+001	6.474890e-005
6.000000e+001	6.472270e-005
6.000000e+001	6.472550e-005
6.000000e+001	6.480440e-005
6.000000e+001	6.474090e-005
6.000000e+001	6.470290e-005
6.000000e+001	6.469520e-005
6.000000e+001	6.474020e-005
6.000000e+001	6.470910e-005
6.000000e+001	6.467680e-005
6.000000e+001	6.469230e-005
6.000000e+001	6.474870e-005
6.000000e+001	6.469520e-005
6.000000e+001	6.466020e-005
6.000000e+001	6.465920e-005
6.000000e+001	6.464710e-005
6.000000e+001	6.462570e-005
6.000000e+001	6.462550e-005
6.000000e+001	6.463390e-005
6.000000e+001	6.469050e-005
6.000000e+001	6.467100e-005
6.000000e+001	6.464690e-005
6.000000e+001	6.461800e-005
6.000000e+001	6.457510e-005
6.000000e+001	6.459620e-005
6.000000e+001	6.462560e-005
6.000000e+001	6.455860e-005
6.000000e+001	6.456860e-005
6.000000e+001	6.452100e-005
6.000000e+001	6.452360e-005
6.000000e+001	6.448920e-005
6.000000e+001	6.452500e-005
6.000000e+001	6.453250e-005
6.000000e+001	6.446330e-005
6.000000e+001	6.446010e-005
6.000000e+001	6.443030e-005
6.000000e+001	6.441550e-005
6.000000e+001	6.442340e-005
6.000000e+001	6.439720e-005
6.000000e+001	6.437290e-005
6.000000e+001	6.436960e-005
6.000000e+001	6.433360e-005
6.000000e+001	6.437330e-005
6.000000e+001	6.431970e-005
6.000000e+001	6.437320e-005
6.000000e+001	6.430770e-005
6.000000e+001	6.426170e-005
6.000000e+001	6.427830e-005
6.000000e+001	6.425440e-005
6.000000e+001	6.426320e-005
6.000000e+001	6.431950e-005
6.000000e+001	6.427090e-005
6.000000e+001	6.420220e-005
6.000000e+001	6.427800e-005
6.000000e+001	6.425070e-005
6.000000e+001	6.425660e-005
6.000000e+001	6.421780e-005
6.000000e+001	6.420230e-005
6.000000e+001	6.418260e-005
6.000000e+001	6.414430e-005
6.000000e+001	6.411920e-005
6.000000e+001	6.411110e-005
6.000000e+001	6.408790e-005
6.000000e+001	6.406390e-005
6.000000e+001	6.415560e-005
6.000000e+001	6.412090e-005
6.000000e+001	6.406450e-005
6.000000e+001	6.405630e-005
6.000000e+001	6.401630e-005
6.000000e+001	6.397800e-005
6.000000e+001	6.397160e-005
6.000000e+001	6.398790e-005
6.000000e+001	6.395500e-005
6.000000e+001	6.406030e-005
6.000000e+001	6.406690e-005
6.000000e+001	6.405250e-005
6.000000e+001	6.404530e-005
6.000000e+001	6.464570e-005
6.000000e+001	6.416420e-005
6.000000e+001	6.408830e-005
6.000000e+001	6.403400e-005
6.000000e+001	6.400410e-005
6.000000e+001	6.395990e-005
6.000000e+001	6.397330e-005
6.000000e+001	6.391360e-005
6.000000e+001	6.390980e-005
6.000000e+001	6.391380e-005
6.000000e+001	6.386150e-005
6.000000e+001	6.383160e-005
6.000000e+001	6.381430e-005
6.000000e+001	6.380410e-005
6.000000e+001	6.380490e-005
6.000000e+001	6.381070e-005
6.000000e+001	6.387440e-005
6.000000e+001	6.384200e-005
6.000000e+001	6.382780e-005
6.000000e+001	6.384460e-005
6.000000e+001	6.381440e-005
6.000000e+001	6.380240e-005
6.000000e+001	6.377110e-005
6.000000e+001	6.385170e-005
6.000000e+001	6.387530e-005
6.000000e+001	6.392020e-005
6.000000e+001	6.387530e-005
6.000000e+001	6.387170e-005
6.000000e+001	6.386180e-005
6.000000e+001	6.383340e-005
6.000000e+001	6.383350e-005
6.000000e+001	6.381850e-005
6.000000e+001	6.382340e-005
6.000000e+001	6.382910e-005
6.000000e+001	6.386590e-005
6.000000e+001	6.383020e-005
6.000000e+001	6.383400e-005
6.000000e+001	6.385650e-005
6.000000e+001	6.383880e-005
6.000000e+001	6.383050e-005
6.000000e+001	6.386330e-005
6.000000e+001	6.401430e-005
6.000000e+001	6.390500e-005
6.000000e+001	6.384960e-005
6.000000e+001	6.382890e-005
6.000000e+001	6.383670e-005
6.000000e+001	6.387230e-005
6.000000e+001	6.388720e-005
6.000000e+001	6.388070e-005