Ene 	30.4 	25.1 	20.4 	65 	11.5 	11 	6 	9 	121.6
Feb 	28.7 	23.7 	19.4 	70 	10.8 	11 	6 	9 	122.6
Mar 	26.4 	21.4 	17.0 	72 	10 	13 	6 	9 	153.9
Abr 	22.7 	17.7 	13.7 	77 	8.9 	11 	6 	9 	106.9
May 	19.0 	14.3 	10.3 	76 	9 	9 	8 	8 	92.1
Jun 	15.6 	11.2 	7.6 	79 	8.4 	9 	10 	6 	50.0
Jul 	14.9 	10.9 	7.4 	79 	9.7 	10 	10 	7 	52.9
Ago 	17.3 	12.7 	8.9 	74 	10.3 	9 	9 	8 	63.2
Sep 	18.9 	14.2 	9.9 	71 	11.7 	10 	8 	7 	77.7
Oct 	22.5 	17.7 	13.0 	69 	11.5 	11 	7 	10 	139.3
Nov 	25.3 	20.6 	15.9 	68 	11.6 	10 	7 	10 	131.2
Dic 	28.1 	23.2 	18.4 	64 	11.8 	10 	6 	9 	103.2