-50	79.901192						
-45	81.925089				
-40	83.945642		
-35	85.962913			
-30	87.976963			
-25	89.987844			
-20	91.995602			
-15	94.000276		
-10	96.001893			
-5	98.000470				
0	99.996012				
5	101.988430		
10	103.977803				
15	105.964137					
20	107.947437				
25	109.927708		
30	111.904954	
35	113.879179	
40	115.850387		
45	117.818581		
50	119.783766	
55	121.745943	
60	123.705116	
65	125.661289	
70	127.614463	
75	129.564642	
80	131.511828	
85	133.456024	
90	135.397232	
95	137.335456						
100	139.270697						
105	141.202958						
110	143.132242							
150	158.459633							
200	177.353177